2 0.822585 0.438187 0.0278179 0.0786713
2 0.207042 0.34437 0.021674 0.0639765
2 0.163761 0.645104 0.0252983 0.0830219
2 0.83503 0.31206 0.0214175 0.0681212
2 0.29546 0.443528 0.0199781 0.0771191
2 0.180355 0.475518 0.0269546 0.0666712
2 0.41271 0.346902 0.01945 0.0650044
2 0.264985 0.281396 0.024016 0.0558627
2 0.54616 0.328754 0.0205063 0.0590094
2 0.798791 0.2709 0.0146132 0.0645604
2 0.316294 0.29995 0.0199047 0.0553576
3 0.481984 0.379323 0.0175428 0.0514685
2 0.640984 0.274847 0.0160701 0.0567151
2 0.493585 0.266944 0.014661 0.0561231
3 0.282502 0.178359 0.0146479 0.0507422
2 0.604829 0.290043 0.0160096 0.053663
2 0.559248 0.214176 0.0221994 0.043171
2 0.654919 0.362286 0.019928 0.0634599
2 0.441138 0.303184 0.0160757 0.0616734
2 0.341042 0.22135 0.0175707 0.0491913
