2 0.804486 0.547459 0.01755 0.0604307
2 0.58908 0.462116 0.012492 0.0450057
2 0.31191 0.511189 0.0141961 0.0459741
2 0.16742 0.510187 0.012887 0.0422558
2 0.526802 0.452983 0.0184278 0.0413663
2 0.82309 0.484865 0.0154777 0.0503073
2 0.426071 0.563786 0.0158344 0.0524442
2 0.10523 0.53579 0.014427 0.0525247
2 0.296318 0.461206 0.00994552 0.0438195
2 0.395221 0.461496 0.0122657 0.0457053
2 0.354521 0.40536 0.0114112 0.04333
2 0.372319 0.420018 0.0108905 0.0429639
2 0.841075 0.482556 0.0126572 0.0512593
2 0.209402 0.47288 0.0127117 0.0443002
2 0.454698 0.424288 0.0125945 0.0361015
2 0.270974 0.533646 0.0170931 0.0439213
3 0.379289 0.501358 0.00992982 0.048125
2 0.211496 0.513429 0.0131518 0.0479442
2 0.208158 0.478184 0.0145034 0.0479308
3 0.88124 0.788766 0.014784 0.0733575
