2 0.604314 0.443011 0.0132069 0.0524696
2 0.277026 0.509561 0.0144721 0.0598228
2 0.397257 0.407728 0.0112564 0.0496845
2 0.415317 0.31012 0.0108701 0.0322566
2 0.509401 0.371265 0.0104757 0.0443152
2 0.363677 0.563507 0.013436 0.0627655
2 0.258989 0.405692 0.00978624 0.0443019
2 0.699661 0.325505 0.0128831 0.0387
2 0.362431 0.319415 0.0107836 0.0383534
3 0.911125 0.664746 0.0174278 0.060466
2 0.182293 0.459607 0.013241 0.0515698
2 0.475219 0.390086 0.0110011 0.0444773
3 0.448788 0.367721 0.00861622 0.0414317
3 0.217874 0.274906 0.0099984 0.0339172
2 0.682625 0.360911 0.00994428 0.0397906
2 0.503704 0.515441 0.0135126 0.0521025
2 0.644631 0.330949 0.0100114 0.0383693
2 0.195613 0.390738 0.0144322 0.0484174
3 0.908598 0.657536 0.0170954 0.052195
2 0.234035 0.524801 0.0141384 0.0608171
