2 0.337634 0.282111 0.0121939 0.0543572
2 0.58727 0.602578 0.0191363 0.0814593
2 0.351022 0.470676 0.0178799 0.0732124
2 0.883383 0.656942 0.0240603 0.0885857
2 0.610178 0.385293 0.0153308 0.0647368
2 0.334861 0.590095 0.0184542 0.0852753
2 0.211203 0.257417 0.00984507 0.055323
2 0.875746 0.568473 0.0182521 0.0790829
2 0.339788 0.356062 0.0201607 0.0644298
2 0.432391 0.362701 0.0146143 0.0662659
2 0.168261 0.371889 0.0159121 0.0654079
2 0.782482 0.327549 0.0123797 0.0645129
2 0.816383 0.406237 0.0135098 0.0706221
2 0.627831 0.207346 0.0164068 0.0469814
2 0.661452 0.226038 0.0139738 0.0443161
2 0.802404 0.370378 0.0132655 0.0650337
2 0.470829 0.254751 0.0114271 0.0462843
2 0.573294 0.290762 0.0141836 0.0538476
3 0.541748 0.302133 0.0139926 0.0587202
2 0.447402 0.215767 0.0141065 0.0456148
3 0.187921 0.210654 0.0135996 0.0495814
