2 0.313348 0.452821 0.0138918 0.0578539
2 0.413547 0.346 0.0131834 0.0483328
2 0.56418 0.550019 0.0115341 0.0637172
2 0.758055 0.570959 0.0155783 0.0717906
2 0.245035 0.580523 0.0146564 0.0674587
3 0.428504 0.450345 0.0120641 0.0548608
2 0.714852 0.452315 0.0175282 0.0587025
2 0.602163 0.436242 0.0127014 0.0574109
2 0.719399 0.638232 0.0195934 0.0780649
2 0.623754 0.63053 0.0211709 0.0740176
3 0.793603 0.779978 0.0194574 0.0847635
2 0.272652 0.59047 0.0176313 0.0749571
2 0.47097 0.457829 0.0126577 0.0569155
2 0.597776 0.548112 0.0171465 0.0666183
2 0.336411 0.605165 0.0180808 0.0706422
2 0.377457 0.671085 0.019864 0.0687318
2 0.385657 0.574564 0.0195673 0.0616865
2 0.389596 0.51361 0.0163731 0.0576644
2 0.359211 0.58964 0.0147308 0.0678818
2 0.380077 0.524667 0.0184608 0.0603243
2 0.305239 0.59657 0.0158622 0.0722643
3 0.488235 0.236186 0.00908909 0.0347591
