2 0.368812 0.501201 0.0239873 0.0562957
2 0.453282 0.504876 0.0195954 0.0635373
2 0.33031 0.401853 0.0178102 0.0442991
2 0.633143 0.481968 0.0137109 0.055815
2 0.167766 0.429125 0.0205263 0.0535969
2 0.505578 0.325213 0.0171656 0.0381834
2 0.434472 0.39287 0.0138428 0.0494901
2 0.552245 0.396438 0.0140917 0.05026
2 0.485709 0.419466 0.0134725 0.0459067
2 0.609652 0.371874 0.013672 0.0532714
2 0.680107 0.397788 0.0138268 0.0548522
2 0.625721 0.385292 0.0128994 0.0470673
3 0.121432 0.288373 0.0116692 0.0430257
2 0.66147 0.380135 0.0147837 0.050289
2 0.658198 0.410686 0.0153894 0.0565487
2 0.632055 0.416375 0.0135838 0.0535663
2 0.755015 0.427538 0.0155563 0.0482746
1 0.861485 0.374178 0.0119124 0.0527785
2 0.557898 0.400099 0.0170298 0.049219
2 0.610061 0.360388 0.0140242 0.0485724
2 0.764044 0.403118 0.0153282 0.0509899
