2 0.636429 0.709944 0.0242084 0.0785742
2 0.780324 0.673809 0.0204917 0.0705538
2 0.387777 0.445745 0.0176374 0.055485
2 0.484755 0.605229 0.0157213 0.0722249
2 0.431217 0.531963 0.0168245 0.0657798
2 0.87164 0.634716 0.0140584 0.0692761
2 0.775209 0.423069 0.0119019 0.0559554
2 0.842267 0.519502 0.015203 0.0680431
2 0.45401 0.430779 0.0128401 0.0609359
2 0.631979 0.55332 0.0146488 0.0728594
2 0.318523 0.363427 0.0117189 0.0491488
3 0.971308 0.745376 0.0237268 0.0801953
2 0.591872 0.389551 0.0126076 0.0513197
2 0.364896 0.690189 0.0207691 0.0722793
2 0.700346 0.329915 0.0108672 0.0463816
3 0.566586 0.348732 0.00972729 0.0496051
2 0.739875 0.379119 0.0125418 0.0526152
1 0.0563013 0.489069 0.0165415 0.0642459
2 0.515462 0.279328 0.00998996 0.0429547
