2 0.207504 0.405559 0.0205549 0.0720455
2 0.267838 0.576653 0.0256607 0.0907784
2 0.352477 0.858288 0.0373504 0.106443
2 0.898496 0.514887 0.0221524 0.0898352
2 0.628508 0.601359 0.021976 0.0826895
2 0.549608 0.432332 0.0180008 0.0721399
2 0.367905 0.715073 0.0202778 0.0749225
2 0.0535952 0.519975 0.0234464 0.0793943
2 0.779847 0.319024 0.020295 0.0635336
2 0.509548 0.242019 0.0130543 0.0522834
2 0.665404 0.616596 0.0196563 0.09315
3 0.360665 0.391194 0.0208761 0.068526
2 0.792694 0.452639 0.0145082 0.0731921
2 0.108622 0.644296 0.0384411 0.083826
2 0.816412 0.424851 0.0166939 0.072897
2 0.0957701 0.427726 0.0184399 0.0788983
2 0.0503313 0.720774 0.031387 0.090369
2 0.727009 0.268763 0.0139547 0.052022
2 0.119226 0.438843 0.027757 0.0633729
2 0.358448 0.332242 0.0191141 0.0639211
2 0.111106 0.444041 0.0220806 0.0682875
