0 0.80026 0.442593 0.0171875 0.0722222 0.333411
0 0.509375 0.240741 0.0145833 0.0537037 0.429937
0 0.358333 0.354167 0.0197917 0.108333 0.455372
0 0.726823 0.271759 0.0140625 0.0527778 0.604915
0 0.817187 0.425 0.0166667 0.0740741 0.62712
0 0.359115 0.39537 0.0203125 0.0611111 0.628858
0 0.549219 0.436574 0.0223958 0.0731481 0.652187
0 0.0958333 0.431019 0.01875 0.0805556 0.670318
0 0.11849 0.441667 0.0307292 0.0740741 0.674929
0 0.527865 0.957407 0.0317708 0.0851852 0.687919
0 0.779427 0.319907 0.0203125 0.0601852 0.698981
0 0.307552 0.289815 0.0151042 0.062963 0.716834
0 0.79375 0.454167 0.0145833 0.075 0.725893
0 0.105208 0.64537 0.0260417 0.0888889 0.728985
0 0.0471354 0.725 0.0244792 0.0925926 0.729477
0 0.898438 0.51713 0.0229167 0.0898148 0.740878
0 0.732292 0.886574 0.01875 0.10463 0.761458
0 0.627344 0.599074 0.0213542 0.0777778 0.768997
0 0.0536458 0.518056 0.021875 0.0787037 0.77911
0 0.369531 0.713889 0.0182292 0.0722222 0.781175
0 0.357292 0.860185 0.025 0.105556 0.786608
0 0.207552 0.404167 0.0203125 0.0712963 0.797256
0 0.266927 0.576389 0.0234375 0.0898148 0.798604
0 0.228385 0.946296 0.0234375 0.105556 0.803523
0 0.665104 0.618056 0.021875 0.0990741 0.806946
