0 0.732813 0.381481 0.0197917 0.0555556 0.265029
0 0.679948 0.903704 0.0182292 0.0407407 0.265582
0 0.516406 0.283333 0.0109375 0.0425926 0.378758
0 0.699219 0.328704 0.0119792 0.05 0.46167
0 0.569531 0.8375 0.0244792 0.0972222 0.594104
0 0.591927 0.390741 0.0130208 0.0537037 0.594462
0 0.871875 0.634722 0.0166667 0.0675926 0.644257
0 0.63125 0.552315 0.0145833 0.0638889 0.646735
0 0.565625 0.348148 0.00833333 0.0425926 0.652996
0 0.318229 0.365278 0.0135417 0.0509259 0.678349
0 0.652604 0.434259 0.0104167 0.0574074 0.680207
0 0.386979 0.447685 0.0145833 0.0546296 0.692077
0 0.484115 0.604167 0.0151042 0.0694444 0.692588
0 0.775781 0.425 0.0109375 0.0555556 0.713112
0 0.357292 0.781482 0.0177083 0.0833333 0.715
0 0.972396 0.745833 0.0229167 0.0824074 0.71842
0 0.0557292 0.487037 0.0177083 0.0611111 0.724039
0 0.365625 0.688889 0.01875 0.0685185 0.726473
0 0.841927 0.520833 0.0161458 0.0694444 0.731102
0 0.670833 0.761574 0.0197917 0.0842593 0.739012
0 0.453385 0.431944 0.0130208 0.0601852 0.7441
0 0.78125 0.673148 0.01875 0.0685185 0.744516
0 0.63724 0.7125 0.0234375 0.0805556 0.746926
0 0.432031 0.533796 0.0171875 0.0675926 0.75074
