0 0.371875 0.419444 0.009375 0.0444444 0.250745
0 0.210156 0.489815 0.0119792 0.0740741 0.285433
0 0.10651 0.538426 0.0119792 0.0509259 0.326259
0 0.839844 0.483333 0.0140625 0.05 0.356898
0 0.396615 0.462963 0.00989583 0.0444444 0.366963
0 0.670052 0.774537 0.0130208 0.0601852 0.381336
0 0.167448 0.510185 0.0119792 0.0462963 0.397236
0 0.822396 0.486574 0.0145833 0.0509259 0.456434
0 0.526823 0.454167 0.0161458 0.0435185 0.491668
0 0.313802 0.5125 0.0140625 0.0472222 0.539085
0 0.270833 0.534259 0.0145833 0.0444444 0.595864
0 0.588542 0.462037 0.0114583 0.0462963 0.623628
0 0.378385 0.503241 0.0078125 0.0490741 0.636002
0 0.426302 0.56713 0.0151042 0.0490741 0.691838
0 0.803385 0.550463 0.0171875 0.0601852 0.707669
0 0.88099 0.791204 0.0171875 0.0712963 0.711776
