0 0.489844 0.235648 0.00885417 0.0305556 0.335457
0 0.483854 0.287037 0.00729167 0.0425926 0.352241
0 0.383594 0.514815 0.0265625 0.0592593 0.367901
0 0.0484375 0.818056 0.0197917 0.0694444 0.397896
0 0.360417 0.585185 0.0145833 0.0685185 0.407354
0 0.566927 0.789815 0.0182292 0.062963 0.539239
0 0.113021 0.367593 0.0135417 0.0425926 0.548175
0 0.386198 0.577315 0.0203125 0.062037 0.600674
0 0.313281 0.456019 0.0140625 0.0583333 0.604236
0 0.597656 0.549074 0.0182292 0.062963 0.627945
0 0.623698 0.628704 0.0192708 0.0703704 0.63263
0 0.413542 0.348611 0.0135417 0.0527778 0.637234
0 0.245052 0.580093 0.0161458 0.0657407 0.642137
0 0.470052 0.459259 0.0109375 0.0555556 0.656281
0 0.33776 0.606019 0.0171875 0.0712963 0.69382
0 0.428385 0.453704 0.0119792 0.0555556 0.721641
0 0.758073 0.573611 0.0151042 0.0675926 0.722696
0 0.714844 0.452778 0.0192708 0.0574074 0.731003
0 0.304167 0.598611 0.015625 0.075 0.732175
0 0.378646 0.672222 0.0208333 0.0648148 0.73876
0 0.564323 0.549074 0.0109375 0.0648148 0.744641
0 0.721354 0.637037 0.0166667 0.0777778 0.749824
0 0.273438 0.591667 0.0145833 0.0703704 0.752099
0 0.601562 0.437037 0.0125 0.0592593 0.752307
0 0.79401 0.780093 0.0203125 0.0842593 0.755183
0 0.939844 0.819444 0.0171875 0.0981481 0.765772
