0 0.199219 0.961574 0.0234375 0.0453704 0.259439
0 0.685417 0.4 0.0166667 0.0981481 0.282978
0 0.448177 0.369444 0.00677083 0.037037 0.285542
0 0.701042 0.324074 0.0125 0.0388889 0.429478
0 0.194531 0.3875 0.0130208 0.0398148 0.45231
0 0.474479 0.390278 0.0114583 0.0490741 0.472029
0 0.35 0.404167 0.009375 0.0435185 0.482822
0 0.397656 0.410648 0.0130208 0.0527778 0.492247
0 0.508854 0.372222 0.0104167 0.05 0.50906
0 0.683594 0.359722 0.0119792 0.0490741 0.542608
0 0.148698 0.809259 0.0171875 0.0648148 0.558021
0 0.232292 0.525 0.015625 0.0555556 0.590526
0 0.258854 0.407407 0.0114583 0.05 0.596032
0 0.909896 0.662037 0.01875 0.0648148 0.636313
0 0.134115 0.502778 0.0192708 0.0574074 0.672013
0 0.604427 0.444444 0.0119792 0.0518519 0.693862
0 0.690625 0.431019 0.015625 0.0509259 0.698599
0 0.364323 0.564352 0.0130208 0.0601852 0.700784
0 0.276302 0.510648 0.0130208 0.0583333 0.726193
0 0.503906 0.518056 0.0140625 0.0546296 0.732596
0 0.552344 0.731481 0.0161458 0.0740741 0.819889
