0 0.552083 0.395833 0.0125 0.0453704 0.279842
0 0.434635 0.391667 0.0109375 0.0444444 0.307811
0 0.63151 0.413889 0.0140625 0.0611111 0.310347
0 0.461979 0.365278 0.0125 0.0453704 0.311963
0 0.68151 0.393056 0.0119792 0.0546296 0.351559
0 0.610937 0.368519 0.0166667 0.0648148 0.3551
0 0.559635 0.399074 0.0119792 0.0444444 0.397246
0 0.761198 0.414352 0.0171875 0.0787037 0.43201
0 0.658854 0.398611 0.0197917 0.0787037 0.439355
0 0.753906 0.427315 0.0151042 0.0509259 0.464273
0 0.863021 0.376389 0.0104167 0.0509259 0.545589
0 0.311979 0.89537 0.0229167 0.0462963 0.545671
0 0.633073 0.483796 0.0119792 0.0583333 0.557509
0 0.329427 0.401389 0.0161458 0.0453704 0.594291
0 0.484375 0.422222 0.0125 0.05 0.634728
0 0.539323 0.456019 0.0119792 0.0509259 0.638303
0 0.369792 0.503241 0.025 0.0546296 0.675095
0 0.167187 0.428704 0.0208333 0.0537037 0.709459
0 0.455208 0.506481 0.0166667 0.0611111 0.719055
0 0.7 0.781482 0.0177083 0.0833333 0.769432
