0 0.548437 0.300926 0.0322917 0.0555556 0.274441
0 0.210938 0.255093 0.0104167 0.062037 0.344769
0 0.629167 0.213889 0.0135417 0.0407407 0.393329
0 0.661198 0.227778 0.0109375 0.0425926 0.449494
0 0.407292 0.98287 0.0229167 0.0305556 0.44985
0 0.804167 0.370833 0.0166667 0.0712963 0.453871
0 0.815365 0.407407 0.0192708 0.0740741 0.487805
0 0.470833 0.245833 0.0135417 0.062037 0.55451
0 0.781771 0.32963 0.0125 0.0611111 0.621705
0 0.876823 0.567593 0.0182292 0.0796296 0.62576
0 0.338281 0.28287 0.0130208 0.0601852 0.653198
0 0.350781 0.471296 0.0171875 0.0740741 0.708592
0 0.609635 0.384259 0.0161458 0.062963 0.721771
0 0.722135 0.900463 0.0317708 0.117593 0.721928
0 0.335417 0.590741 0.0177083 0.087037 0.730659
0 0.573698 0.291667 0.0109375 0.05 0.731117
0 0.342187 0.355556 0.01875 0.062963 0.745634
0 0.166406 0.37037 0.0161458 0.0666667 0.754003
0 0.58724 0.604167 0.0182292 0.0805556 0.756049
0 0.883073 0.656482 0.0244792 0.0814815 0.756174
0 0.432031 0.362037 0.0161458 0.0666667 0.767222
0 0.110156 0.968982 0.0234375 0.062037 0.768252
0 0.541406 0.303241 0.0130208 0.0564815 0.810682
