0 0.70651 0.968518 0.0213542 0.0518519 0.356349
0 0.693229 0.969444 0.0510417 0.0537037 0.406461
0 0.482292 0.38287 0.0166667 0.0416667 0.581282
0 0.340625 0.221296 0.01875 0.0555556 0.586534
0 0.315104 0.301389 0.0208333 0.0564815 0.594708
0 0.440365 0.298611 0.0161458 0.062037 0.607373
0 0.604427 0.290741 0.0161458 0.0537037 0.64785
0 0.493229 0.26713 0.0135417 0.0546296 0.6633
0 0.874219 0.913426 0.0296875 0.121296 0.685521
0 0.653646 0.362037 0.0177083 0.0592593 0.686294
0 0.822396 0.4375 0.025 0.0768519 0.696366
0 0.264323 0.282407 0.0223958 0.0574074 0.70112
0 0.642187 0.275463 0.015625 0.0601852 0.70302
0 0.4125 0.346296 0.0208333 0.062963 0.705046
0 0.205469 0.344907 0.0213542 0.0675926 0.72261
0 0.545833 0.331019 0.0208333 0.0601852 0.724038
0 0.798437 0.269907 0.01875 0.0675926 0.749534
0 0.178385 0.475463 0.0223958 0.0694444 0.753288
0 0.834896 0.314352 0.021875 0.0638889 0.755207
0 0.295312 0.446296 0.01875 0.0777778 0.776639
0 0.16224 0.64537 0.0244792 0.0833333 0.778113
0 0.292188 0.931944 0.0239583 0.108333 0.812524
