0 0.235417 0.414815 0.009375 0.0462963 0.299194
0 0.685677 0.421296 0.0119792 0.0425926 0.313079
0 0.255208 0.483333 0.0104167 0.0481481 0.352447
0 0.911979 0.809259 0.0197917 0.0703704 0.36819
0 0.861458 0.452315 0.0104167 0.0490741 0.422135
0 0.65651 0.79537 0.0171875 0.0611111 0.441553
0 0.463802 0.492593 0.0171875 0.037037 0.495098
0 0.340365 0.481481 0.0109375 0.0407407 0.5205
0 0.698177 0.48287 0.0119792 0.0657407 0.534019
0 0.473958 0.420833 0.0114583 0.0453704 0.548965
0 0.750781 0.505556 0.0140625 0.0611111 0.566292
0 0.404948 0.461574 0.00989583 0.0453704 0.567749
0 0.507031 0.435185 0.00989583 0.0462963 0.597718
0 0.657552 0.440278 0.0171875 0.0509259 0.640747
0 0.3625 0.534722 0.015625 0.0546296 0.769549
