2 0.47375 0.419031 0.0132607 0.0440516
2 0.658535 0.438157 0.0177982 0.0485783
3 0.909264 0.81313 0.023613 0.0835708
2 0.685594 0.419477 0.0132359 0.0437032
3 0.404581 0.461942 0.0107891 0.0457217
2 0.697699 0.480812 0.0121806 0.0631929
2 0.340241 0.478649 0.0116929 0.0411955
2 0.50694 0.434857 0.0103317 0.0451965
2 0.456406 0.375082 0.012405 0.0358684
2 0.363156 0.532312 0.0147425 0.050872
2 0.861612 0.452751 0.0114038 0.0544527
2 0.275876 0.445541 0.0130258 0.0457665
2 0.234937 0.494374 0.0153234 0.0450996
2 0.352617 0.385957 0.0128451 0.0467867
2 0.290096 0.406019 0.0131165 0.0413705
2 0.254512 0.485747 0.0131008 0.0533394
1 0.197191 0.388486 0.0122366 0.0427826
2 0.46234 0.492163 0.0195728 0.0413392
2 0.235624 0.41226 0.0119593 0.0424875
