0 0.147396 0.362963 0.0104167 0.0277778 0.269462
32 0.39974 0.668981 0.0078125 0.0175926 0.315522
0 0.488281 0.546759 0.0723958 0.108333 0.384596
0 0.124479 0.356944 0.0125 0.0509259 0.397457
0 0.468229 0.544444 0.0322917 0.101852 0.504579
0 0.232812 0.341204 0.0135417 0.0546296 0.515514
0 0.534635 0.408796 0.0203125 0.0805556 0.516943
0 0.0479167 0.467593 0.0270833 0.087037 0.584748
0 0.702865 0.464352 0.0192708 0.087963 0.593818
0 0.577604 0.372685 0.0166667 0.0694444 0.60727
0 0.635417 0.447222 0.01875 0.0796296 0.61349
0 0.990625 0.522222 0.0177083 0.107407 0.62195
0 0.735677 0.391667 0.0171875 0.062963 0.640276
0 0.365885 0.716204 0.0619792 0.125 0.661852
0 0.703125 0.556481 0.028125 0.114815 0.728474
0 0.859896 0.364815 0.0197917 0.0666667 0.742027
0 0.442969 0.727778 0.0598958 0.116667 0.759419
0 0.326302 0.502315 0.0265625 0.102778 0.763462
0 0.58151 0.6125 0.0255208 0.126852 0.76998
0 0.526823 0.674074 0.0338542 0.137037 0.786064
