0 0.435156 0.666204 0.0244792 0.0787037 0.250975
32 0.399219 0.669444 0.00677083 0.0166667 0.334753
0 0.333594 0.353704 0.0109375 0.0407407 0.340457
0 0.429948 0.341667 0.0119792 0.0537037 0.434423
0 0.829687 0.566204 0.034375 0.110185 0.457263
0 0.74349 0.378241 0.0161458 0.062037 0.474297
0 0.828125 0.476389 0.0239583 0.0824074 0.531611
0 0.776302 0.459722 0.0234375 0.0805556 0.628369
0 0.442708 0.690278 0.0416667 0.121296 0.646506
0 0.614583 0.544907 0.034375 0.112037 0.647429
0 0.877604 0.399537 0.015625 0.062037 0.665242
0 0.280729 0.451852 0.0260417 0.0777778 0.682115
0 0.209115 0.510185 0.0359375 0.0814815 0.726987
0 0.683073 0.415741 0.0255208 0.0796296 0.726997
0 0.555469 0.706019 0.0651042 0.125 0.739223
0 0.490625 0.489352 0.01875 0.075 0.754504
0 0.674479 0.658333 0.0322917 0.133333 0.757946
0 0.74401 0.608796 0.0265625 0.106481 0.777
