0 0.657031 0.416204 0.0234375 0.075 0.349025
0 0.396615 0.341204 0.0109375 0.0527778 0.420145
0 0.991146 0.378704 0.0177083 0.062963 0.437145
0 0.298958 0.355556 0.0135417 0.0444444 0.438459
0 0.713802 0.383333 0.0151042 0.062963 0.475817
0 0.805469 0.477315 0.0192708 0.0861111 0.517322
0 0.808073 0.568056 0.0328125 0.110185 0.545543
0 0.588542 0.543056 0.0270833 0.100926 0.635564
0 0.853125 0.400463 0.0197917 0.062037 0.670532
0 0.417188 0.696296 0.0416667 0.125926 0.670884
0 0.463542 0.498611 0.0260417 0.087963 0.70288
0 0.174219 0.515741 0.0359375 0.0796296 0.717769
0 0.648438 0.664352 0.034375 0.123148 0.768537
0 0.717969 0.6125 0.0307292 0.108333 0.777974
0 0.242188 0.452315 0.0260417 0.0824074 0.7784
0 0.540885 0.711111 0.0671875 0.12963 0.859268
