0 0.264062 0.341667 0.0125 0.0537037 0.492627
0 0.369271 0.699074 0.0354167 0.103704 0.530695
32 0.4 0.668981 0.00833333 0.0175926 0.545024
0 0.603906 0.373148 0.0161458 0.0648148 0.550757
0 0.557292 0.410185 0.0197917 0.0796296 0.576257
0 0.155729 0.360185 0.021875 0.0518519 0.583436
0 0.885417 0.366204 0.0177083 0.0675926 0.585883
0 0.490625 0.540741 0.0322917 0.1 0.588865
0 0.721875 0.467593 0.01875 0.0888889 0.629147
0 0.757552 0.393519 0.0203125 0.0592593 0.670048
0 0.723698 0.552778 0.0276042 0.118519 0.699511
0 0.551042 0.674537 0.0375 0.139815 0.716308
0 0.0859375 0.463889 0.028125 0.0907407 0.725102
0 0.657812 0.448611 0.021875 0.0805556 0.730515
0 0.608594 0.60787 0.0255208 0.125 0.763395
0 0.0190104 0.528241 0.0338542 0.106481 0.788844
0 0.354167 0.502315 0.0270833 0.0972222 0.802307
0 0.465365 0.725926 0.0598958 0.111111 0.803885
