0 0.653125 0.456019 0.0229167 0.0916667 0.480636
0 0.0453125 0.364352 0.015625 0.0638889 0.495988
0 0.683333 0.385648 0.01875 0.0675926 0.537039
0 0.660937 0.543056 0.0354167 0.115741 0.586494
0 0.510156 0.359722 0.0161458 0.0564815 0.606091
0 0.51276 0.62037 0.0265625 0.118519 0.637698
0 0.4125 0.540278 0.0322917 0.106481 0.679516
0 0.970573 0.510648 0.0276042 0.108333 0.718547
0 0.942448 0.508333 0.0276042 0.109259 0.751827
0 0.792708 0.361574 0.0197917 0.0657407 0.756304
0 0.473437 0.404167 0.0197917 0.0842593 0.7606
0 0.582292 0.436111 0.0239583 0.0833333 0.761781
0 0.461979 0.672222 0.0322917 0.140741 0.796465
0 0.323177 0.706944 0.0578125 0.123148 0.797621
0 0.397396 0.718518 0.0520833 0.127778 0.800639
0 0.265365 0.507407 0.0307292 0.105556 0.842285
