0 0.448958 0.545833 0.03125 0.106481 0.302568
0 0.20599 0.340741 0.0130208 0.0537037 0.442614
0 0.46901 0.547685 0.0755208 0.112037 0.508037
0 0.0984375 0.361574 0.0177083 0.0583333 0.538962
0 0.513281 0.408796 0.0203125 0.087963 0.568282
0 0.554948 0.365278 0.0161458 0.062037 0.588579
0 0.0161458 0.471296 0.0291667 0.0888889 0.61724
32 0.154427 0.352315 0.0109375 0.0194444 0.632622
0 0.717969 0.388889 0.0203125 0.0648148 0.649032
0 0.689323 0.550926 0.0276042 0.105556 0.654687
0 0.686198 0.458333 0.0223958 0.0925926 0.699275
0 0.83776 0.364815 0.0213542 0.0666667 0.73207
0 0.615625 0.448148 0.0208333 0.0814815 0.747905
0 0.560677 0.623148 0.0307292 0.133333 0.767583
0 0.34349 0.70463 0.0369792 0.111111 0.76937
0 0.980729 0.518981 0.0333333 0.110185 0.788006
0 0.433073 0.725 0.0651042 0.133333 0.828243
0 0.505729 0.674537 0.0333333 0.14537 0.828659
0 0.304688 0.505093 0.025 0.102778 0.84713
