0 0.653125 0.456481 0.0229167 0.0907407 0.476718
0 0.0453125 0.364352 0.015625 0.0638889 0.494869
0 0.683333 0.385648 0.01875 0.0675926 0.537165
0 0.660937 0.543056 0.0354167 0.115741 0.588055
0 0.510156 0.359722 0.0161458 0.0564815 0.610192
0 0.51276 0.62037 0.0265625 0.118519 0.635764
0 0.4125 0.540278 0.0322917 0.106481 0.679884
0 0.970573 0.510648 0.0276042 0.108333 0.717537
0 0.942448 0.508333 0.0276042 0.109259 0.752435
0 0.792708 0.361574 0.0197917 0.0657407 0.756556
0 0.473437 0.404167 0.0197917 0.0842593 0.759901
0 0.582292 0.436111 0.0239583 0.0833333 0.760164
0 0.461979 0.672222 0.0322917 0.140741 0.796516
0 0.323438 0.706944 0.0583333 0.123148 0.800173
0 0.397396 0.718518 0.0520833 0.127778 0.800843
0 0.265365 0.507407 0.0307292 0.105556 0.842128
