0 0.0122396 0.525463 0.0244792 0.119444 0.289421
0 0.458073 0.547685 0.0692708 0.110185 0.366231
0 0.439583 0.544444 0.0291667 0.105556 0.504434
0 0.0848958 0.361111 0.01875 0.0611111 0.506824
0 0.192969 0.343056 0.0130208 0.0564815 0.561742
32 0.158854 0.351389 0.009375 0.0175926 0.58462
0 0.678646 0.457407 0.0229167 0.0907407 0.595517
0 0.709115 0.385185 0.0192708 0.0666667 0.596954
0 0.682552 0.55 0.0307292 0.112963 0.610354
0 0.989844 0.512037 0.0203125 0.114815 0.627099
0 0.54401 0.365278 0.0182292 0.062037 0.630229
0 0.503646 0.40787 0.021875 0.0861111 0.636901
0 0.548177 0.627315 0.0286458 0.137963 0.727938
0 0.607552 0.444907 0.0223958 0.0787037 0.747102
0 0.827344 0.363889 0.0213542 0.0648148 0.748878
0 0.96875 0.514815 0.0260417 0.111111 0.773708
0 0.494531 0.674537 0.0307292 0.150926 0.782692
0 0.341667 0.712963 0.0447917 0.131481 0.808099
0 0.427083 0.726389 0.0614583 0.128704 0.829393
0 0.294792 0.506481 0.0260417 0.103704 0.858404
