0 0.175781 0.352778 0.0130208 0.0425926 0.357056
0 0.617448 0.371759 0.0171875 0.0583333 0.409534
32 0.40026 0.669444 0.00677083 0.0148148 0.444652
0 0.732031 0.469444 0.0192708 0.0888889 0.510152
0 0.282031 0.342593 0.0130208 0.0537037 0.523006
0 0.897656 0.367593 0.0161458 0.0703704 0.544124
0 0.374479 0.708333 0.0333333 0.122222 0.599869
32 0.151042 0.384259 0.009375 0.0203704 0.633641
0 0.770573 0.393519 0.0234375 0.0666667 0.657006
0 0.108333 0.461574 0.0291667 0.0916667 0.677271
0 0.568229 0.410185 0.0197917 0.0814815 0.713546
0 0.504167 0.539352 0.0354167 0.106481 0.72943
0 0.47526 0.719444 0.0682292 0.109259 0.738923
0 0.0364583 0.526389 0.0395833 0.100926 0.740987
0 0.669531 0.450463 0.0234375 0.0842593 0.753184
0 0.733854 0.555556 0.028125 0.12037 0.758721
0 0.621875 0.608333 0.0270833 0.125926 0.783032
0 0.36849 0.502315 0.0276042 0.0972222 0.80332
0 0.561979 0.671759 0.04375 0.143519 0.853053
