0 0.653125 0.456481 0.0229167 0.0907407 0.481777
0 0.0453125 0.364352 0.015625 0.0638889 0.512712
0 0.683333 0.385648 0.01875 0.0675926 0.533912
0 0.660937 0.542593 0.0354167 0.116667 0.585308
0 0.510156 0.359722 0.0161458 0.0564815 0.621657
0 0.513021 0.620833 0.0270833 0.119444 0.639392
0 0.41224 0.540278 0.0317708 0.106481 0.67633
0 0.970573 0.510648 0.0276042 0.108333 0.71538
0 0.942187 0.508333 0.028125 0.109259 0.753318
0 0.792708 0.362037 0.0197917 0.0648148 0.757847
0 0.582292 0.436111 0.0239583 0.0833333 0.75926
0 0.473437 0.404167 0.0197917 0.0842593 0.760638
0 0.461719 0.672222 0.0317708 0.140741 0.797986
0 0.397396 0.718982 0.0520833 0.128704 0.799685
0 0.323438 0.707407 0.0583333 0.124074 0.806646
0 0.265365 0.507407 0.0307292 0.105556 0.844138
