0 0.653125 0.456019 0.0229167 0.0916667 0.476433
0 0.0453125 0.364815 0.015625 0.0648148 0.498177
0 0.683333 0.385648 0.01875 0.0675926 0.537768
0 0.660677 0.543056 0.0348958 0.115741 0.58898
0 0.509896 0.359722 0.015625 0.0564815 0.618446
0 0.513542 0.621296 0.028125 0.124074 0.660643
0 0.41224 0.540278 0.0317708 0.106481 0.67769
0 0.970573 0.510648 0.0276042 0.108333 0.716444
0 0.473437 0.404167 0.0197917 0.0842593 0.735167
0 0.942448 0.508333 0.0276042 0.109259 0.754019
0 0.792708 0.361574 0.0197917 0.0657407 0.7588
0 0.582292 0.435648 0.0239583 0.0842593 0.760312
0 0.323438 0.706944 0.0583333 0.123148 0.796434
0 0.461979 0.671759 0.0322917 0.139815 0.80269
0 0.397396 0.718982 0.0520833 0.128704 0.815725
0 0.265365 0.507407 0.0307292 0.105556 0.843936
