0 0.653125 0.456944 0.0229167 0.0916667 0.476055
0 0.0453125 0.364815 0.015625 0.062963 0.522756
0 0.682552 0.383796 0.0182292 0.0657407 0.5344
0 0.660677 0.543056 0.0348958 0.115741 0.585487
0 0.509896 0.359722 0.015625 0.0583333 0.615701
0 0.513021 0.62037 0.0260417 0.118519 0.634613
0 0.41224 0.540278 0.0317708 0.106481 0.675575
0 0.970573 0.510648 0.0276042 0.108333 0.717733
0 0.942187 0.508333 0.028125 0.109259 0.755459
0 0.792708 0.361574 0.0197917 0.0657407 0.757393
0 0.473437 0.403704 0.0197917 0.0833333 0.757817
0 0.582292 0.436111 0.0239583 0.0833333 0.759392
0 0.461979 0.672222 0.0322917 0.140741 0.800356
0 0.323438 0.707407 0.0583333 0.124074 0.802952
0 0.397396 0.718518 0.0520833 0.127778 0.802962
0 0.265365 0.507407 0.0307292 0.105556 0.843861
