0 0.653125 0.456481 0.0229167 0.0907407 0.477351
0 0.0453125 0.364815 0.015625 0.062963 0.512007
0 0.683333 0.385648 0.01875 0.0675926 0.537613
0 0.660677 0.543056 0.0348958 0.115741 0.584445
0 0.509896 0.359722 0.015625 0.0583333 0.622855
0 0.513802 0.621759 0.0286458 0.125 0.662255
0 0.411979 0.540278 0.03125 0.106481 0.676206
0 0.970573 0.511111 0.0276042 0.109259 0.718945
0 0.473437 0.404167 0.0197917 0.0842593 0.731344
0 0.942187 0.508333 0.028125 0.109259 0.755955
0 0.582292 0.436111 0.0239583 0.0833333 0.759463
0 0.792708 0.362037 0.0197917 0.0648148 0.759756
0 0.461979 0.671759 0.0322917 0.141667 0.805791
0 0.323177 0.706944 0.0578125 0.123148 0.80795
0 0.397396 0.718518 0.0520833 0.12963 0.81764
0 0.265365 0.507407 0.0307292 0.105556 0.844411
