0 0.653125 0.456481 0.0229167 0.0907407 0.477744
0 0.0453125 0.364352 0.015625 0.0638889 0.513223
0 0.683333 0.385648 0.01875 0.0675926 0.533124
0 0.660677 0.542593 0.0348958 0.116667 0.59019
0 0.510156 0.360185 0.0161458 0.0574074 0.622238
0 0.51276 0.62037 0.0265625 0.118519 0.638329
0 0.41224 0.540278 0.0317708 0.106481 0.681022
0 0.970573 0.510648 0.0276042 0.108333 0.718708
0 0.942187 0.508333 0.028125 0.109259 0.754579
0 0.792708 0.362037 0.0197917 0.0648148 0.756822
0 0.473437 0.404167 0.0197917 0.0842593 0.759846
0 0.582292 0.436111 0.0239583 0.0833333 0.760372
0 0.461979 0.672222 0.0322917 0.140741 0.79567
0 0.397396 0.718982 0.0520833 0.128704 0.801938
0 0.323438 0.707407 0.0583333 0.124074 0.803172
0 0.265104 0.507407 0.0302083 0.105556 0.844063
