0 0.175781 0.352778 0.0130208 0.0425926 0.361874
0 0.617448 0.371759 0.0171875 0.0583333 0.405904
32 0.40026 0.669444 0.00677083 0.0148148 0.443413
0 0.732031 0.469444 0.0192708 0.0888889 0.511709
0 0.282031 0.342593 0.0130208 0.0537037 0.521614
0 0.897656 0.367593 0.0161458 0.0703704 0.544613
0 0.374479 0.70787 0.0333333 0.121296 0.59453
32 0.151042 0.384259 0.009375 0.0203704 0.63062
0 0.770573 0.393519 0.0234375 0.0666667 0.654006
0 0.108594 0.461574 0.0296875 0.0916667 0.676793
0 0.568229 0.410185 0.0197917 0.0814815 0.71365
0 0.504167 0.539352 0.0354167 0.106481 0.731115
0 0.0364583 0.526389 0.0395833 0.100926 0.738084
0 0.47526 0.719444 0.0682292 0.109259 0.73833
0 0.669531 0.450463 0.0234375 0.0842593 0.753554
0 0.733854 0.555556 0.028125 0.12037 0.760104
0 0.621875 0.608333 0.0270833 0.125926 0.783702
0 0.36849 0.502315 0.0276042 0.0972222 0.803077
0 0.56224 0.671759 0.0442708 0.143519 0.853018
