32 0.43099 0.644907 0.0109375 0.012037 0.333444
32 0.158333 0.400926 0.0114583 0.0203704 0.386962
0 0.211719 0.354167 0.0140625 0.0416667 0.425448
0 0.644531 0.375 0.0161458 0.062963 0.431662
0 0.314323 0.343056 0.0130208 0.0546296 0.455652
0 0.923698 0.369907 0.0171875 0.0694444 0.544285
0 0.792969 0.39537 0.0223958 0.0648148 0.624011
0 0.389844 0.701852 0.0369792 0.105556 0.645256
0 0.69349 0.451389 0.0255208 0.0824074 0.652099
0 0.592708 0.412963 0.0197917 0.0777778 0.678543
0 0.5 0.721759 0.071875 0.125 0.685994
0 0.146615 0.456019 0.0265625 0.0916667 0.715982
0 0.528906 0.543519 0.0369792 0.112963 0.727953
0 0.753385 0.560185 0.0286458 0.118519 0.758167
0 0.396354 0.502315 0.028125 0.0935185 0.770602
0 0.648177 0.60787 0.0265625 0.121296 0.778703
0 0.589323 0.669907 0.0484375 0.137963 0.802908
0 0.0747396 0.527778 0.0484375 0.0962963 0.812517
