0 0.657031 0.416204 0.0234375 0.075 0.349328
0 0.396615 0.341204 0.0109375 0.0527778 0.419562
0 0.990885 0.378704 0.0182292 0.062963 0.436453
0 0.299479 0.356019 0.0145833 0.0416667 0.444571
0 0.713802 0.383333 0.0151042 0.062963 0.475002
0 0.805469 0.477315 0.0192708 0.0861111 0.518943
0 0.808073 0.568056 0.0328125 0.110185 0.551648
0 0.588542 0.543056 0.0270833 0.100926 0.638378
0 0.417188 0.696296 0.0416667 0.125926 0.670884
0 0.853125 0.400463 0.0197917 0.062037 0.672515
0 0.463542 0.498611 0.0260417 0.087963 0.700579
0 0.174219 0.515741 0.0359375 0.0796296 0.717313
0 0.648438 0.664352 0.034375 0.123148 0.768617
0 0.717969 0.6125 0.0307292 0.108333 0.777362
0 0.242188 0.452778 0.0260417 0.0833333 0.779097
0 0.540885 0.711111 0.0671875 0.12963 0.859227
