0 0.349219 0.351389 0.0119792 0.0361111 0.315572
0 0.757812 0.377315 0.015625 0.0564815 0.399796
0 0.445312 0.339815 0.0114583 0.0537037 0.407055
32 0.399479 0.669444 0.00729167 0.0148148 0.408902
0 0.839583 0.475926 0.0270833 0.0833333 0.544554
0 0.623698 0.538426 0.0296875 0.115741 0.592917
0 0.840885 0.560185 0.0369792 0.118519 0.667571
0 0.756771 0.607407 0.025 0.103704 0.697339
0 0.505208 0.487963 0.0208333 0.0777778 0.703752
0 0.786979 0.456481 0.0260417 0.0814815 0.707437
0 0.891406 0.399537 0.0203125 0.0638889 0.712332
0 0.295833 0.449537 0.0239583 0.0768519 0.747092
0 0.221615 0.509259 0.0411458 0.0888889 0.74948
0 0.692708 0.415278 0.0208333 0.0805556 0.768872
0 0.686458 0.656944 0.0302083 0.136111 0.771614
0 0.452865 0.685185 0.0526042 0.124074 0.791462
0 0.558594 0.701852 0.0578125 0.122222 0.825794
