0 0.175781 0.352315 0.0130208 0.0398148 0.337143
0 0.617448 0.372222 0.0171875 0.0592593 0.408653
32 0.4 0.669444 0.00625 0.0148148 0.438119
0 0.732031 0.469444 0.0192708 0.0888889 0.492491
0 0.281771 0.342593 0.0135417 0.0537037 0.527208
0 0.897656 0.367593 0.0161458 0.0703704 0.533257
0 0.37474 0.708333 0.0338542 0.122222 0.600397
32 0.151042 0.383796 0.009375 0.0194444 0.634444
0 0.770573 0.393519 0.0234375 0.0666667 0.656251
0 0.108333 0.461111 0.0291667 0.0907407 0.675625
0 0.568229 0.410648 0.0197917 0.0805556 0.711185
0 0.504427 0.539352 0.0359375 0.106481 0.729006
0 0.0364583 0.526389 0.0395833 0.100926 0.74049
0 0.47526 0.719444 0.0682292 0.109259 0.744449
0 0.669531 0.450463 0.0234375 0.0842593 0.752029
0 0.733854 0.555556 0.028125 0.12037 0.758377
0 0.621615 0.608333 0.0265625 0.125926 0.781847
0 0.36849 0.502315 0.0276042 0.0972222 0.802746
0 0.56224 0.671759 0.0442708 0.143519 0.851678
