0 0.344271 0.702315 0.028125 0.108333 0.255726
0 0.478906 0.55 0.0828125 0.124074 0.309441
32 0.150521 0.356944 0.00729167 0.0212963 0.42684
0 0.219531 0.341204 0.0130208 0.0546296 0.478123
0 0.111719 0.361111 0.0171875 0.0574074 0.516827
0 0.523438 0.405093 0.0197917 0.0768519 0.55263
0 0.460156 0.546296 0.0359375 0.111111 0.605738
0 0.0317708 0.47037 0.0270833 0.0907407 0.617008
0 0.726042 0.390741 0.01875 0.0648148 0.673407
0 0.697135 0.558333 0.0296875 0.109259 0.691543
0 0.566146 0.369907 0.0177083 0.0657407 0.703255
0 0.694271 0.460185 0.0229167 0.0925926 0.72651
0 0.847917 0.364815 0.021875 0.0648148 0.729273
0 0.985417 0.519444 0.0260417 0.103704 0.741556
0 0.624479 0.448148 0.0177083 0.0796296 0.742543
0 0.570052 0.618056 0.0265625 0.128704 0.777834
0 0.357812 0.7125 0.053125 0.121296 0.791706
0 0.441406 0.728704 0.0671875 0.131481 0.829034
0 0.515885 0.674537 0.0338542 0.141667 0.834772
0 0.314844 0.503704 0.0255208 0.101852 0.843094
