0 0.167448 0.340741 0.0140625 0.0518519 0.33156
0 0.0578125 0.358796 0.0177083 0.075 0.529909
0 0.660677 0.454167 0.0223958 0.0861111 0.598333
0 0.689844 0.385185 0.0151042 0.0666667 0.653136
0 0.521615 0.364352 0.0182292 0.0657407 0.681958
0 0.525521 0.628241 0.03125 0.136111 0.698139
0 0.590365 0.441204 0.0234375 0.0842593 0.705194
0 0.666667 0.544444 0.0364583 0.114815 0.721364
0 0.41901 0.541667 0.0296875 0.112963 0.7216
0 0.980729 0.511111 0.0322917 0.112963 0.765357
0 0.951302 0.510185 0.0307292 0.112963 0.768995
0 0.471875 0.673611 0.0291667 0.149074 0.774804
0 0.803646 0.361574 0.0197917 0.0657407 0.779907
0 0.483073 0.402315 0.0223958 0.0861111 0.781879
0 0.325781 0.711111 0.0494792 0.131481 0.824195
0 0.273958 0.50787 0.0291667 0.10463 0.842766
0 0.408073 0.723148 0.0526042 0.127778 0.86507
