0 0.283333 0.356019 0.0145833 0.0453704 0.412395
0 0.69974 0.381944 0.0161458 0.0657407 0.452653
32 0.176823 0.452778 0.00885417 0.0185185 0.455694
0 0.79401 0.475 0.0182292 0.0851852 0.515962
0 0.740104 0.459259 0.0260417 0.0759259 0.521255
0 0.449219 0.5 0.0255208 0.0925926 0.60318
0 0.978646 0.37963 0.0197917 0.0592593 0.619745
0 0.840625 0.399074 0.021875 0.0648148 0.624459
0 0.223177 0.451389 0.0255208 0.0824074 0.642594
0 0.642187 0.415741 0.0208333 0.0777778 0.649501
0 0.415104 0.699074 0.040625 0.125926 0.657973
0 0.795052 0.568056 0.0244792 0.108333 0.683104
0 0.154948 0.518981 0.0369792 0.0787037 0.685646
0 0.574479 0.544444 0.0229167 0.103704 0.703989
0 0.703906 0.610648 0.0296875 0.10463 0.766984
0 0.63724 0.663889 0.0317708 0.135185 0.780591
0 0.525521 0.709259 0.0541667 0.122222 0.838825
