0 0.349479 0.350926 0.0125 0.037037 0.313771
0 0.445312 0.339815 0.0114583 0.0537037 0.399275
0 0.758073 0.377315 0.0151042 0.0564815 0.400757
32 0.399479 0.669444 0.00729167 0.0148148 0.415386
0 0.839583 0.475926 0.0270833 0.0833333 0.536495
0 0.623698 0.538426 0.0296875 0.115741 0.596128
0 0.840885 0.561111 0.0369792 0.116667 0.67247
0 0.756771 0.606944 0.025 0.10463 0.695992
0 0.78724 0.456944 0.0265625 0.0824074 0.703798
0 0.505208 0.4875 0.0208333 0.0768519 0.70391
0 0.891406 0.399537 0.0203125 0.0638889 0.711647
0 0.221615 0.508333 0.0411458 0.087037 0.739432
0 0.295833 0.45 0.0239583 0.0777778 0.751197
0 0.692708 0.415278 0.0208333 0.0805556 0.768313
0 0.686719 0.656944 0.0307292 0.136111 0.772295
0 0.452865 0.685185 0.0526042 0.124074 0.789932
0 0.558594 0.702315 0.0578125 0.123148 0.816502
