0 0.175781 0.352315 0.0130208 0.0416667 0.349631
0 0.617448 0.372222 0.0171875 0.0592593 0.426572
32 0.40026 0.669444 0.00677083 0.0148148 0.444162
0 0.732031 0.469444 0.0192708 0.0888889 0.506211
0 0.282031 0.342593 0.0130208 0.0537037 0.523755
0 0.897656 0.367593 0.0161458 0.0703704 0.540583
0 0.374479 0.70787 0.0333333 0.121296 0.593992
32 0.151042 0.384259 0.009375 0.0203704 0.630906
0 0.770573 0.393519 0.0234375 0.0666667 0.652914
0 0.108333 0.461574 0.0291667 0.0916667 0.674899
0 0.568229 0.410648 0.0197917 0.0805556 0.710658
0 0.504167 0.539352 0.0354167 0.106481 0.727865
0 0.0364583 0.526389 0.0395833 0.100926 0.738117
0 0.472135 0.718056 0.0661458 0.110185 0.738559
0 0.669271 0.450463 0.0229167 0.0842593 0.754081
0 0.733854 0.555556 0.028125 0.12037 0.760788
0 0.621875 0.608333 0.0270833 0.125926 0.782197
0 0.36849 0.502315 0.0276042 0.0972222 0.803174
0 0.56224 0.671759 0.0442708 0.143519 0.852698
