0 0.4125 0.343519 0.0104167 0.0518519 0.29177
0 0.316146 0.356019 0.0135417 0.0435185 0.474012
0 0.432292 0.693056 0.0291667 0.115741 0.497967
0 0.729167 0.38287 0.0145833 0.0638889 0.51855
0 0.765365 0.459259 0.0276042 0.0796296 0.596597
0 0.817187 0.476389 0.0229167 0.0824074 0.618251
0 0.866146 0.4 0.0197917 0.062963 0.630194
0 0.601562 0.549074 0.03125 0.112963 0.638265
0 0.822396 0.563889 0.0395833 0.122222 0.645488
0 0.261198 0.451389 0.0276042 0.0824074 0.668969
0 0.479427 0.496296 0.0244792 0.0833333 0.671841
0 0.191406 0.510648 0.0307292 0.0787037 0.690954
0 0.670052 0.417593 0.0234375 0.0814815 0.722198
0 0.732552 0.608796 0.0296875 0.10463 0.739444
0 0.660677 0.659259 0.0338542 0.131481 0.78174
0 0.546615 0.70787 0.0609375 0.125 0.841373
