0 0.264062 0.341667 0.0125 0.0537037 0.496677
0 0.369271 0.699074 0.0354167 0.103704 0.531135
32 0.4 0.668981 0.00833333 0.0175926 0.539373
0 0.603906 0.373148 0.0161458 0.0648148 0.55739
0 0.557292 0.410648 0.0197917 0.0787037 0.579566
0 0.155469 0.360185 0.0223958 0.0518519 0.585073
0 0.885417 0.366204 0.0177083 0.0675926 0.587593
0 0.490625 0.540741 0.0322917 0.1 0.588033
0 0.721875 0.467593 0.01875 0.0888889 0.629398
0 0.757552 0.393519 0.0203125 0.0592593 0.669835
0 0.723698 0.552778 0.0276042 0.118519 0.698148
0 0.551042 0.675 0.0375 0.140741 0.713678
0 0.0859375 0.463889 0.028125 0.0907407 0.726244
0 0.657812 0.448611 0.021875 0.0805556 0.729571
0 0.608594 0.60787 0.0255208 0.125 0.763582
0 0.0190104 0.528241 0.0338542 0.106481 0.788988
0 0.354167 0.502315 0.0270833 0.0972222 0.802012
0 0.465365 0.725926 0.0598958 0.111111 0.805045
