0 0.653125 0.456944 0.0229167 0.0916667 0.478579
0 0.0453125 0.364815 0.015625 0.062963 0.518375
0 0.683333 0.384722 0.0177083 0.0657407 0.539186
0 0.660677 0.543056 0.0348958 0.115741 0.577536
0 0.509896 0.359722 0.015625 0.0583333 0.623466
0 0.51276 0.62037 0.0265625 0.118519 0.637307
0 0.41224 0.540278 0.0317708 0.106481 0.671393
0 0.970573 0.511111 0.0276042 0.109259 0.719194
0 0.942187 0.508333 0.028125 0.109259 0.755403
0 0.792708 0.361574 0.0197917 0.0657407 0.757601
0 0.473437 0.404167 0.0197917 0.0842593 0.758145
0 0.582292 0.436111 0.0239583 0.0833333 0.76005
0 0.461719 0.672222 0.0317708 0.140741 0.799405
0 0.323177 0.707407 0.0578125 0.124074 0.803391
0 0.397396 0.718518 0.0520833 0.127778 0.804078
0 0.265365 0.507407 0.0307292 0.105556 0.842953
