0 0.653125 0.456944 0.0229167 0.0916667 0.477003
0 0.0453125 0.364815 0.015625 0.062963 0.516404
0 0.682552 0.383796 0.0182292 0.0657407 0.537312
0 0.660677 0.543056 0.0348958 0.115741 0.575269
0 0.510156 0.359259 0.0161458 0.0574074 0.620122
0 0.51276 0.62037 0.0265625 0.118519 0.637151
0 0.41224 0.540278 0.0317708 0.106481 0.674739
0 0.970573 0.511111 0.0276042 0.109259 0.718529
0 0.942187 0.508333 0.028125 0.109259 0.756133
0 0.792708 0.361574 0.0197917 0.0657407 0.757181
0 0.473437 0.404167 0.0197917 0.0842593 0.759227
0 0.582292 0.436111 0.0239583 0.0833333 0.759323
0 0.461719 0.671759 0.0317708 0.139815 0.798703
0 0.323177 0.707407 0.0578125 0.124074 0.800305
0 0.397396 0.718982 0.0520833 0.128704 0.80072
0 0.265365 0.507407 0.0307292 0.105556 0.842143
