0 0.653125 0.456019 0.0229167 0.0916667 0.480953
0 0.0453125 0.364352 0.015625 0.0638889 0.498062
0 0.683333 0.385648 0.01875 0.0675926 0.538249
0 0.660677 0.543056 0.0348958 0.115741 0.592665
0 0.509896 0.359722 0.015625 0.0564815 0.617715
0 0.513542 0.621296 0.028125 0.124074 0.658932
0 0.41224 0.540278 0.0317708 0.106481 0.675895
0 0.970573 0.510648 0.0276042 0.108333 0.715783
0 0.473437 0.404167 0.0197917 0.0842593 0.732845
0 0.942187 0.508333 0.028125 0.109259 0.754116
0 0.792708 0.361574 0.0197917 0.0657407 0.75701
0 0.582292 0.436111 0.0239583 0.0833333 0.759107
0 0.323177 0.706944 0.0578125 0.123148 0.796231
0 0.461979 0.672222 0.0322917 0.140741 0.803568
0 0.397396 0.718982 0.0520833 0.128704 0.815406
0 0.265104 0.507407 0.0302083 0.105556 0.844041
