0 0.784115 0.470833 0.0171875 0.0861111 0.352562
0 0.264323 0.357407 0.0151042 0.0481481 0.411034
0 0.685938 0.378704 0.0177083 0.0666667 0.448199
32 0.170573 0.438889 0.00885417 0.0166667 0.537936
0 0.963021 0.376389 0.015625 0.0601852 0.55896
0 0.728125 0.461111 0.025 0.0796296 0.560778
0 0.630208 0.417593 0.0197917 0.0796296 0.612893
0 0.421354 0.701852 0.05625 0.125926 0.65484
0 0.136719 0.519444 0.0359375 0.0759259 0.660225
0 0.206771 0.454167 0.0270833 0.0824074 0.66434
0 0.828125 0.397685 0.0229167 0.062037 0.675576
0 0.783594 0.566204 0.0223958 0.10463 0.706173
0 0.436719 0.499537 0.0276042 0.0916667 0.747279
0 0.56224 0.547685 0.0255208 0.108333 0.759573
0 0.622135 0.667593 0.0359375 0.12963 0.783182
0 0.689844 0.611111 0.0307292 0.109259 0.802001
0 0.517969 0.711574 0.0526042 0.123148 0.857217
