0 0.283333 0.356019 0.0145833 0.0453704 0.421116
32 0.176563 0.452778 0.00833333 0.0185185 0.451838
0 0.69974 0.381944 0.0161458 0.0657407 0.453409
0 0.79401 0.475 0.0182292 0.0851852 0.511968
0 0.740104 0.459259 0.0260417 0.0759259 0.512875
0 0.449219 0.499537 0.0255208 0.0916667 0.600504
0 0.978906 0.37963 0.0203125 0.0592593 0.620756
0 0.840625 0.398611 0.021875 0.0638889 0.623888
0 0.223177 0.452778 0.0265625 0.0814815 0.64282
0 0.642187 0.415741 0.0208333 0.0777778 0.647034
0 0.414844 0.698611 0.0401042 0.126852 0.659157
0 0.795052 0.568519 0.0244792 0.107407 0.67932
0 0.155729 0.52037 0.0375 0.0796296 0.684557
0 0.574479 0.544444 0.0229167 0.103704 0.705149
0 0.703906 0.610648 0.0296875 0.10463 0.766537
0 0.636979 0.663889 0.03125 0.135185 0.780255
0 0.525521 0.709259 0.0541667 0.122222 0.841126
