0 0.653125 0.456481 0.0229167 0.0907407 0.478483
0 0.0453125 0.364352 0.015625 0.0638889 0.498231
0 0.683333 0.385648 0.01875 0.0675926 0.538183
0 0.660677 0.543056 0.0348958 0.115741 0.589238
0 0.510156 0.359722 0.0161458 0.0564815 0.619196
0 0.513542 0.621296 0.028125 0.124074 0.660803
0 0.411979 0.540278 0.03125 0.106481 0.680352
0 0.970573 0.510648 0.0276042 0.108333 0.717167
0 0.473437 0.404167 0.0197917 0.0842593 0.734285
0 0.942187 0.508333 0.028125 0.109259 0.755258
0 0.792708 0.362037 0.0197917 0.0648148 0.756728
0 0.582292 0.436111 0.0239583 0.0833333 0.758635
0 0.322917 0.706944 0.0572917 0.123148 0.79688
0 0.461979 0.671759 0.0322917 0.141667 0.803539
0 0.397396 0.718982 0.0520833 0.128704 0.814933
0 0.265104 0.507407 0.0302083 0.105556 0.84346
