0 0.653125 0.456019 0.0229167 0.0916667 0.477101
0 0.0453125 0.364352 0.015625 0.0638889 0.495107
0 0.683333 0.385648 0.01875 0.0675926 0.537618
0 0.660937 0.543056 0.0354167 0.115741 0.592174
0 0.509896 0.359722 0.015625 0.0564815 0.61952
0 0.513542 0.621296 0.028125 0.124074 0.660811
0 0.41224 0.540278 0.0317708 0.106481 0.679007
0 0.970573 0.510648 0.0276042 0.108333 0.716526
0 0.473437 0.404167 0.0197917 0.0842593 0.733899
0 0.942187 0.508333 0.028125 0.109259 0.755464
0 0.792708 0.362037 0.0197917 0.0648148 0.757281
0 0.582292 0.436111 0.0239583 0.0833333 0.758809
0 0.322917 0.706944 0.0572917 0.123148 0.796622
0 0.461979 0.671759 0.0322917 0.141667 0.803934
0 0.397396 0.718982 0.0520833 0.128704 0.815642
0 0.265104 0.507407 0.0302083 0.105556 0.843954
