0 0.653125 0.456481 0.0229167 0.0907407 0.479168
0 0.0453125 0.364815 0.015625 0.062963 0.515666
0 0.683333 0.385648 0.01875 0.0675926 0.539123
0 0.660677 0.543056 0.0348958 0.115741 0.581554
0 0.510156 0.359259 0.0161458 0.0574074 0.621192
0 0.513021 0.62037 0.0260417 0.118519 0.635933
0 0.41224 0.540278 0.0317708 0.106481 0.672824
0 0.970573 0.511111 0.0276042 0.109259 0.717064
0 0.942187 0.508333 0.028125 0.109259 0.755787
0 0.792708 0.361574 0.0197917 0.0657407 0.758779
0 0.473437 0.404167 0.0197917 0.0842593 0.759483
0 0.582292 0.436111 0.0239583 0.0833333 0.75993
0 0.461979 0.671759 0.0322917 0.141667 0.799658
0 0.397396 0.718518 0.0520833 0.127778 0.799676
0 0.323177 0.707407 0.0578125 0.124074 0.80054
0 0.265365 0.507407 0.0307292 0.105556 0.84232
