0 0.194271 0.352778 0.0125 0.0388889 0.29245
0 0.630469 0.37037 0.0161458 0.0555556 0.323747
32 0.435937 0.643519 0.0125 0.012963 0.340761
0 0.582031 0.410648 0.0203125 0.0787037 0.439881
0 0.74375 0.468981 0.0239583 0.0935185 0.505686
0 0.297135 0.343519 0.0119792 0.0537037 0.514158
32 0.155729 0.392593 0.0104167 0.0203704 0.54753
0 0.127604 0.458796 0.028125 0.0916667 0.555105
0 0.911719 0.368056 0.0182292 0.0694444 0.556453
0 0.382812 0.706481 0.0395833 0.112963 0.700527
0 0.779948 0.394444 0.0203125 0.0648148 0.715016
0 0.68151 0.45 0.0244792 0.0796296 0.741195
0 0.74349 0.557407 0.0296875 0.118519 0.759099
0 0.635677 0.605556 0.0265625 0.12037 0.778669
0 0.515625 0.544907 0.0354167 0.115741 0.784653
0 0.0546875 0.527315 0.0510417 0.0990741 0.786095
0 0.382552 0.502778 0.0276042 0.0944444 0.7922
0 0.576042 0.670833 0.046875 0.137963 0.805334
0 0.488542 0.724074 0.0708333 0.124074 0.814842
