0 0.147396 0.362963 0.0104167 0.0277778 0.263351
32 0.39974 0.668981 0.0078125 0.0175926 0.320102
0 0.488021 0.546759 0.071875 0.108333 0.372878
0 0.124479 0.356481 0.0125 0.05 0.383497
0 0.468229 0.543981 0.0322917 0.102778 0.508636
0 0.232812 0.341204 0.0135417 0.0546296 0.514656
0 0.534635 0.408333 0.0203125 0.0796296 0.516368
0 0.0479167 0.468056 0.0270833 0.087963 0.577271
0 0.702865 0.464815 0.0192708 0.0888889 0.602327
0 0.634896 0.447685 0.01875 0.0787037 0.623004
0 0.990625 0.521759 0.0177083 0.108333 0.624591
0 0.577604 0.372222 0.0166667 0.0703704 0.640458
0 0.735677 0.391667 0.0171875 0.062963 0.641374
0 0.365885 0.715741 0.0619792 0.125926 0.647256
0 0.703125 0.556481 0.028125 0.114815 0.727571
0 0.859896 0.364815 0.0197917 0.0666667 0.741752
0 0.442708 0.727315 0.059375 0.115741 0.757394
0 0.326302 0.502315 0.0265625 0.102778 0.769056
0 0.58125 0.612963 0.025 0.127778 0.773256
0 0.526563 0.673611 0.034375 0.137963 0.787675
