32 0.43099 0.644907 0.0109375 0.012037 0.332966
32 0.158333 0.400926 0.0114583 0.0203704 0.390348
0 0.211719 0.354167 0.0140625 0.0416667 0.418487
0 0.644531 0.375 0.0161458 0.062963 0.421929
0 0.314323 0.343056 0.0130208 0.0546296 0.459037
0 0.923698 0.369907 0.0171875 0.0694444 0.542913
0 0.792969 0.39537 0.0223958 0.0648148 0.620567
0 0.389323 0.701389 0.0369792 0.102778 0.643149
0 0.69349 0.451389 0.0255208 0.0824074 0.651627
0 0.592708 0.412963 0.0197917 0.0777778 0.676866
0 0.50026 0.721759 0.0723958 0.125 0.681866
0 0.146615 0.456019 0.0265625 0.0916667 0.715492
0 0.529167 0.543519 0.0375 0.112963 0.725683
0 0.753646 0.560185 0.0291667 0.118519 0.756907
0 0.396354 0.502315 0.028125 0.0935185 0.771441
0 0.648177 0.607407 0.0265625 0.122222 0.778334
0 0.589323 0.669907 0.0473958 0.137963 0.802245
0 0.0747396 0.527778 0.0484375 0.0962963 0.812417
