0 0.653125 0.456944 0.0229167 0.0916667 0.475549
0 0.0453125 0.364815 0.015625 0.062963 0.517705
0 0.683333 0.385648 0.01875 0.0675926 0.538784
0 0.660677 0.543056 0.0348958 0.115741 0.577866
0 0.509896 0.359722 0.015625 0.0583333 0.620227
0 0.51276 0.62037 0.0265625 0.118519 0.636505
0 0.41224 0.540278 0.0317708 0.106481 0.673318
0 0.970573 0.511111 0.0276042 0.109259 0.719242
0 0.942187 0.508333 0.028125 0.109259 0.755686
0 0.792708 0.361574 0.0197917 0.0657407 0.756945
0 0.473437 0.404167 0.0197917 0.0842593 0.758519
0 0.582292 0.436111 0.0239583 0.0833333 0.759861
0 0.461719 0.671759 0.0317708 0.139815 0.799608
0 0.397396 0.718518 0.0520833 0.127778 0.802928
0 0.323177 0.707407 0.0578125 0.124074 0.803804
0 0.265365 0.507407 0.0307292 0.105556 0.843009
