0 0.147396 0.362963 0.0104167 0.0277778 0.260733
32 0.39974 0.668981 0.0078125 0.0175926 0.317375
0 0.486719 0.546759 0.0692708 0.108333 0.377153
0 0.124479 0.356944 0.0125 0.0490741 0.384372
0 0.232812 0.341204 0.0135417 0.0546296 0.511697
0 0.534635 0.408796 0.0203125 0.0805556 0.519581
0 0.468229 0.543981 0.0322917 0.102778 0.524407
0 0.0479167 0.467593 0.0270833 0.087037 0.58284
0 0.702865 0.463889 0.0192708 0.0888889 0.595874
0 0.635417 0.447222 0.01875 0.0796296 0.614074
0 0.577604 0.372222 0.0166667 0.0703704 0.61638
0 0.990625 0.522222 0.0177083 0.107407 0.622612
0 0.735677 0.391667 0.0171875 0.062963 0.640426
0 0.365885 0.716204 0.0619792 0.125 0.658394
0 0.703125 0.556481 0.028125 0.114815 0.728572
0 0.859896 0.364815 0.0197917 0.0666667 0.741531
0 0.442969 0.727778 0.0598958 0.116667 0.759665
0 0.326302 0.502315 0.0265625 0.102778 0.764086
0 0.58151 0.6125 0.0255208 0.126852 0.770066
0 0.526823 0.673611 0.0338542 0.137963 0.78624
