0 0.0122396 0.525463 0.0244792 0.119444 0.283163
0 0.458594 0.547685 0.0703125 0.110185 0.361571
0 0.439323 0.544444 0.0286458 0.105556 0.503268
0 0.0848958 0.361111 0.01875 0.0611111 0.503526
0 0.192969 0.343056 0.0130208 0.0564815 0.560337
32 0.158854 0.351389 0.009375 0.0175926 0.587783
0 0.709115 0.385185 0.0192708 0.0666667 0.596529
0 0.678646 0.457407 0.0229167 0.0907407 0.597225
0 0.682552 0.55 0.0307292 0.112963 0.613928
0 0.989844 0.512037 0.0203125 0.114815 0.627479
0 0.54401 0.365278 0.0182292 0.062037 0.631637
0 0.503646 0.40787 0.021875 0.0861111 0.637671
0 0.547656 0.626389 0.0286458 0.134259 0.728438
0 0.607552 0.444907 0.0223958 0.0787037 0.747865
0 0.827344 0.363889 0.0213542 0.0648148 0.749531
0 0.96875 0.514815 0.0260417 0.111111 0.772937
0 0.494531 0.674537 0.0307292 0.150926 0.782627
0 0.341406 0.712963 0.0442708 0.131481 0.806648
0 0.427344 0.726389 0.0609375 0.128704 0.829662
0 0.294792 0.506481 0.0260417 0.103704 0.858534
