0 0.784115 0.470833 0.0171875 0.0861111 0.341785
0 0.264323 0.357407 0.0151042 0.0481481 0.419919
0 0.685938 0.378704 0.0177083 0.0666667 0.446924
32 0.170573 0.438889 0.00885417 0.0166667 0.544621
0 0.728385 0.461111 0.0255208 0.0796296 0.557854
0 0.963281 0.376389 0.0161458 0.0601852 0.561974
0 0.630208 0.417593 0.0197917 0.0796296 0.60625
0 0.422135 0.701852 0.0567708 0.125926 0.660183
0 0.206771 0.454167 0.0270833 0.0824074 0.661783
0 0.136458 0.519444 0.0354167 0.0759259 0.662261
0 0.827865 0.397685 0.0223958 0.062037 0.673792
0 0.783594 0.566204 0.0223958 0.10463 0.707755
0 0.436719 0.5 0.0276042 0.0925926 0.747559
0 0.56224 0.547685 0.0255208 0.108333 0.758143
0 0.622135 0.667593 0.0359375 0.12963 0.784299
0 0.689844 0.611111 0.0307292 0.109259 0.801645
0 0.517969 0.712037 0.0526042 0.122222 0.855534
