0 0.228646 0.355093 0.0135417 0.0435185 0.255013
0 0.332031 0.344444 0.0130208 0.0537037 0.376274
0 0.605729 0.415278 0.0208333 0.075 0.44946
0 0.657812 0.376852 0.015625 0.0666667 0.534958
0 0.76224 0.47037 0.0203125 0.0888889 0.564367
0 0.935938 0.373611 0.0145833 0.0638889 0.615986
0 0.803385 0.394907 0.0223958 0.0638889 0.666373
0 0.704948 0.45463 0.0234375 0.0796296 0.678021
0 0.166146 0.448148 0.0270833 0.0925926 0.703829
0 0.764323 0.565278 0.0276042 0.110185 0.748032
0 0.407292 0.708333 0.0604167 0.124074 0.749343
0 0.0963542 0.524537 0.0447917 0.0916667 0.750482
0 0.6625 0.60787 0.0291667 0.115741 0.774909
0 0.539583 0.545833 0.03125 0.112037 0.778138
0 0.409375 0.501389 0.0302083 0.0935185 0.778904
0 0.495573 0.718518 0.0453125 0.131481 0.790683
0 0.59974 0.668519 0.0432292 0.138889 0.808711
