0 0.147396 0.3625 0.0104167 0.0268519 0.267463
32 0.39974 0.668981 0.0078125 0.0175926 0.321543
0 0.124479 0.356944 0.0125 0.0490741 0.387131
0 0.489583 0.546759 0.075 0.108333 0.393844
0 0.468229 0.544444 0.0322917 0.101852 0.479875
0 0.232812 0.341204 0.0135417 0.0546296 0.515334
0 0.534635 0.408796 0.0203125 0.0805556 0.530205
0 0.0481771 0.468056 0.0265625 0.087963 0.56182
0 0.702865 0.464815 0.0192708 0.0888889 0.603783
0 0.990625 0.522222 0.0177083 0.107407 0.620719
0 0.634896 0.447222 0.01875 0.0777778 0.621669
0 0.577604 0.372685 0.0166667 0.0694444 0.634742
0 0.365885 0.715741 0.0619792 0.125926 0.635976
0 0.735677 0.391667 0.0171875 0.062963 0.643507
0 0.703125 0.556481 0.028125 0.114815 0.728623
0 0.859896 0.364815 0.0197917 0.0666667 0.743152
0 0.442708 0.727315 0.059375 0.115741 0.755543
0 0.326302 0.502315 0.0265625 0.102778 0.764981
0 0.58151 0.612963 0.0255208 0.127778 0.771389
0 0.526823 0.674074 0.0338542 0.138889 0.787384
