0 0.671875 0.378241 0.0177083 0.0638889 0.268992
0 0.247396 0.353241 0.0135417 0.0361111 0.293962
0 0.771094 0.474074 0.0192708 0.0962963 0.371034
0 0.346875 0.343519 0.0104167 0.0518519 0.430284
0 0.95 0.376389 0.0166667 0.0564815 0.569902
0 0.814323 0.396296 0.0203125 0.0611111 0.576388
0 0.715625 0.458796 0.0229167 0.0768519 0.591018
0 0.54974 0.546296 0.0265625 0.105556 0.655154
0 0.774479 0.567593 0.0260417 0.107407 0.683897
0 0.183333 0.451852 0.0375 0.087037 0.687908
0 0.422656 0.500926 0.0265625 0.0944444 0.697665
0 0.421615 0.706019 0.0734375 0.130556 0.704196
0 0.117708 0.524074 0.0395833 0.087037 0.714366
0 0.616927 0.416204 0.0192708 0.0768519 0.719855
0 0.676302 0.611111 0.0296875 0.114815 0.777223
0 0.615104 0.66713 0.0447917 0.137963 0.835418
0 0.50599 0.717593 0.0484375 0.125926 0.84488
