0 0.4125 0.343519 0.0104167 0.0518519 0.288418
0 0.316146 0.356019 0.0135417 0.0435185 0.465023
0 0.432292 0.693056 0.0291667 0.115741 0.491163
0 0.729167 0.38287 0.0145833 0.0638889 0.518389
0 0.765104 0.459259 0.0270833 0.0796296 0.589628
0 0.817187 0.476389 0.0229167 0.0824074 0.616633
0 0.866146 0.4 0.0197917 0.062963 0.628652
0 0.601562 0.549074 0.03125 0.112963 0.639608
0 0.822396 0.563889 0.0395833 0.122222 0.643014
0 0.261198 0.451389 0.0276042 0.0824074 0.669187
0 0.479427 0.496296 0.0244792 0.0833333 0.671278
0 0.191406 0.510648 0.0307292 0.0787037 0.692626
0 0.670052 0.417593 0.0234375 0.0814815 0.72108
0 0.732552 0.608796 0.0296875 0.10463 0.739364
0 0.660417 0.659259 0.0333333 0.131481 0.779821
0 0.546354 0.70787 0.0614583 0.125 0.84415
