0 0.784115 0.470833 0.0171875 0.0861111 0.345598
0 0.264323 0.357407 0.0151042 0.0481481 0.418013
0 0.685938 0.378704 0.0177083 0.0666667 0.44794
32 0.170573 0.438889 0.00885417 0.0166667 0.531853
0 0.963281 0.375926 0.0161458 0.0611111 0.560436
0 0.728125 0.461111 0.025 0.0796296 0.561363
0 0.630208 0.417593 0.0197917 0.0796296 0.604644
0 0.421354 0.701389 0.05625 0.125 0.649725
0 0.136458 0.518981 0.0354167 0.075 0.660658
0 0.206771 0.454167 0.0270833 0.0824074 0.667845
0 0.828125 0.397685 0.0229167 0.062037 0.676898
0 0.783594 0.566204 0.0223958 0.10463 0.702963
0 0.436719 0.499537 0.0276042 0.0916667 0.748955
0 0.56224 0.547685 0.0255208 0.108333 0.760409
0 0.621875 0.667593 0.0364583 0.12963 0.783786
0 0.689844 0.611574 0.0307292 0.108333 0.80107
0 0.517969 0.711574 0.0526042 0.123148 0.856631
