0 0.344271 0.702315 0.028125 0.108333 0.255288
0 0.479167 0.55 0.0822917 0.124074 0.313803
32 0.150521 0.356944 0.00729167 0.0212963 0.426284
0 0.219792 0.341204 0.0135417 0.0546296 0.482316
0 0.111719 0.361111 0.0171875 0.0574074 0.520247
0 0.523438 0.405093 0.0197917 0.0768519 0.551847
0 0.460156 0.546296 0.0359375 0.111111 0.602707
0 0.0317708 0.47037 0.0270833 0.0907407 0.618551
0 0.726042 0.390741 0.01875 0.0648148 0.673963
0 0.697135 0.558796 0.0296875 0.110185 0.69135
0 0.566146 0.369907 0.0177083 0.0657407 0.705864
0 0.694271 0.460185 0.0229167 0.0925926 0.726432
0 0.847917 0.364815 0.021875 0.0648148 0.72943
0 0.985417 0.519444 0.0260417 0.103704 0.741654
0 0.624479 0.448148 0.0177083 0.0796296 0.743072
0 0.570052 0.617593 0.0265625 0.127778 0.775387
0 0.357812 0.7125 0.053125 0.121296 0.792955
0 0.441406 0.728704 0.0671875 0.131481 0.830952
0 0.515885 0.674537 0.0338542 0.141667 0.834613
0 0.314844 0.503704 0.0255208 0.101852 0.843466
