0 0.653125 0.456481 0.0229167 0.0907407 0.479682
0 0.0453125 0.364815 0.015625 0.062963 0.515408
0 0.683333 0.385648 0.01875 0.0675926 0.5384
0 0.660677 0.543056 0.0348958 0.115741 0.580229
0 0.510156 0.359259 0.0161458 0.0574074 0.622079
0 0.513021 0.62037 0.0260417 0.118519 0.635528
0 0.41224 0.540278 0.0317708 0.106481 0.673855
0 0.970573 0.511111 0.0276042 0.109259 0.716106
0 0.942187 0.508333 0.028125 0.109259 0.755263
0 0.792708 0.361574 0.0197917 0.0657407 0.757689
0 0.473437 0.404167 0.0197917 0.0842593 0.758904
0 0.582292 0.436111 0.0239583 0.0833333 0.759601
0 0.461979 0.671296 0.0322917 0.140741 0.798889
0 0.397396 0.718518 0.0520833 0.127778 0.800084
0 0.323438 0.707407 0.0583333 0.124074 0.802059
0 0.265365 0.507407 0.0307292 0.105556 0.84263
