0 0.653125 0.456481 0.0229167 0.0907407 0.477138
0 0.0453125 0.364815 0.015625 0.062963 0.522052
0 0.683333 0.385648 0.01875 0.0675926 0.534753
0 0.660937 0.543056 0.0354167 0.115741 0.586269
0 0.510156 0.360185 0.0161458 0.0574074 0.623458
0 0.513021 0.62037 0.0270833 0.118519 0.638428
0 0.41224 0.540278 0.0317708 0.106481 0.676308
0 0.970573 0.510648 0.0276042 0.108333 0.718054
0 0.942187 0.508333 0.028125 0.109259 0.754852
0 0.792708 0.362037 0.0197917 0.0648148 0.757674
0 0.473437 0.404167 0.0197917 0.0842593 0.76034
0 0.582292 0.436111 0.0239583 0.0833333 0.761284
0 0.461719 0.672222 0.0317708 0.140741 0.798297
0 0.323438 0.707407 0.0583333 0.124074 0.801531
0 0.397135 0.718982 0.0515625 0.128704 0.802972
0 0.265365 0.507407 0.0307292 0.105556 0.843414
