0 0.349219 0.351389 0.0119792 0.0361111 0.311233
0 0.758073 0.377315 0.0151042 0.0564815 0.388939
0 0.445312 0.339815 0.0114583 0.0537037 0.407145
32 0.39974 0.669444 0.00677083 0.0148148 0.407173
0 0.839583 0.475926 0.0270833 0.0833333 0.534124
0 0.623698 0.538426 0.0296875 0.115741 0.597009
0 0.840885 0.561111 0.0369792 0.116667 0.679271
0 0.756771 0.606944 0.025 0.10463 0.696049
0 0.786979 0.456481 0.0260417 0.0814815 0.701128
0 0.504948 0.4875 0.0203125 0.0768519 0.704831
0 0.891406 0.399537 0.0203125 0.0638889 0.713118
0 0.221615 0.508796 0.0411458 0.087963 0.742728
0 0.295833 0.449537 0.0239583 0.0768519 0.755282
0 0.692708 0.415278 0.0208333 0.0805556 0.76851
0 0.686719 0.656944 0.0307292 0.136111 0.769822
0 0.452865 0.685185 0.0526042 0.124074 0.793518
0 0.559115 0.702315 0.0578125 0.123148 0.805281
