32 0.39974 0.668519 0.0078125 0.0166667 0.399709
0 0.144792 0.35787 0.0197917 0.0546296 0.497108
0 0.994531 0.516667 0.0109375 0.1 0.574596
0 0.646094 0.447222 0.0213542 0.0796296 0.577543
0 0.247656 0.34213 0.0130208 0.0564815 0.583752
0 0.590365 0.373611 0.0171875 0.0675926 0.592354
0 0.745573 0.393056 0.0192708 0.0601852 0.605562
0 0.872135 0.365278 0.0192708 0.0675926 0.649271
0 0.371354 0.715278 0.0541667 0.134259 0.650147
0 0.54375 0.406944 0.01875 0.0787037 0.655854
0 0.455469 0.726389 0.0671875 0.115741 0.686024
0 0.711979 0.464352 0.0197917 0.0842593 0.695279
0 0.0669271 0.467593 0.0286458 0.0907407 0.71598
0 0.71276 0.553704 0.0307292 0.12037 0.752688
0 0.594531 0.614815 0.0265625 0.127778 0.774139
0 0.339063 0.501389 0.0270833 0.100926 0.795369
0 0.539062 0.675926 0.0354167 0.140741 0.817773
