0 0.653125 0.456944 0.0229167 0.0916667 0.47
0 0.0453125 0.364815 0.015625 0.062963 0.515011
0 0.683333 0.385648 0.01875 0.0675926 0.539285
0 0.660417 0.542593 0.034375 0.116667 0.58904
0 0.510156 0.359259 0.0151042 0.0574074 0.622377
0 0.513542 0.621759 0.028125 0.125 0.661836
0 0.411979 0.540278 0.03125 0.106481 0.677619
0 0.970573 0.511111 0.0276042 0.109259 0.717173
0 0.473437 0.404167 0.0197917 0.0842593 0.733342
0 0.942187 0.508333 0.028125 0.109259 0.755631
0 0.792708 0.362037 0.0197917 0.0648148 0.758682
0 0.582292 0.436111 0.0239583 0.0833333 0.760545
0 0.461979 0.671759 0.0322917 0.141667 0.806056
0 0.323438 0.707407 0.0583333 0.124074 0.807058
0 0.397396 0.718518 0.0520833 0.12963 0.816678
0 0.265365 0.507407 0.0307292 0.105556 0.843956
