0 0.653125 0.456944 0.0229167 0.0916667 0.478378
0 0.0453125 0.364815 0.015625 0.062963 0.518814
0 0.682552 0.383796 0.0182292 0.0657407 0.537702
0 0.660677 0.543056 0.0348958 0.115741 0.579319
0 0.510156 0.359259 0.0161458 0.0574074 0.621795
0 0.51276 0.62037 0.0265625 0.118519 0.636053
0 0.41224 0.540278 0.0317708 0.106481 0.674682
0 0.970573 0.511111 0.0276042 0.109259 0.718763
0 0.942187 0.508333 0.028125 0.109259 0.755777
0 0.792708 0.361574 0.0197917 0.0657407 0.75783
0 0.582292 0.436111 0.0239583 0.0833333 0.758983
0 0.473437 0.404167 0.0197917 0.0842593 0.759657
0 0.461979 0.672222 0.0322917 0.140741 0.798804
0 0.397135 0.718982 0.0515625 0.128704 0.801886
0 0.323177 0.707407 0.0578125 0.124074 0.802869
0 0.265365 0.507407 0.0307292 0.105556 0.842482
