0 0.167448 0.340741 0.0140625 0.0518519 0.352242
0 0.0575521 0.360648 0.0171875 0.0712963 0.54845
0 0.660677 0.453241 0.0223958 0.0842593 0.592153
0 0.689844 0.385185 0.0151042 0.0648148 0.648147
0 0.521875 0.364352 0.0177083 0.0657407 0.681977
0 0.523958 0.626389 0.028125 0.132407 0.702645
0 0.590365 0.441667 0.0234375 0.0833333 0.703258
0 0.666667 0.543981 0.0364583 0.115741 0.736257
0 0.41901 0.54213 0.0296875 0.113889 0.738539
0 0.980729 0.510648 0.0322917 0.113889 0.761728
0 0.951302 0.510185 0.0307292 0.112963 0.762498
0 0.472135 0.673611 0.0296875 0.149074 0.777105
0 0.803646 0.361574 0.0197917 0.0657407 0.780564
0 0.483073 0.402315 0.0223958 0.0861111 0.786364
0 0.326042 0.711111 0.05 0.131481 0.826297
0 0.273958 0.50787 0.0291667 0.10463 0.841272
0 0.408073 0.723148 0.0526042 0.125926 0.867003
