0 0.653125 0.456944 0.0229167 0.0916667 0.47856
0 0.0453125 0.364815 0.015625 0.062963 0.515423
0 0.682552 0.383796 0.0182292 0.0657407 0.538138
0 0.660677 0.543056 0.0348958 0.115741 0.579844
0 0.510156 0.359259 0.0161458 0.0574074 0.62167
0 0.51276 0.62037 0.0265625 0.118519 0.636693
0 0.41224 0.540278 0.0317708 0.106481 0.674918
0 0.970573 0.511111 0.0276042 0.109259 0.718797
0 0.942187 0.508333 0.028125 0.109259 0.756017
0 0.792708 0.362037 0.0197917 0.0648148 0.757928
0 0.582292 0.436111 0.0239583 0.0833333 0.758901
0 0.473437 0.404167 0.0197917 0.0842593 0.75943
0 0.461979 0.672222 0.0322917 0.140741 0.798835
0 0.397396 0.718982 0.0520833 0.128704 0.802334
0 0.323177 0.707407 0.0578125 0.124074 0.803452
0 0.265365 0.507407 0.0307292 0.105556 0.842527
