32 0.399219 0.669444 0.00677083 0.0166667 0.336336
0 0.333333 0.353704 0.0114583 0.0407407 0.341574
0 0.429688 0.341667 0.0114583 0.0537037 0.433349
0 0.829687 0.565741 0.034375 0.111111 0.454202
0 0.74349 0.378241 0.0161458 0.062037 0.467331
0 0.828125 0.476389 0.0239583 0.0824074 0.529044
0 0.776302 0.459722 0.0234375 0.0805556 0.632252
0 0.442969 0.690741 0.0421875 0.122222 0.650947
0 0.614583 0.544907 0.034375 0.112037 0.65121
0 0.877604 0.399537 0.015625 0.062037 0.666143
0 0.280469 0.451852 0.0255208 0.0777778 0.686577
0 0.209115 0.510648 0.0359375 0.0805556 0.726529
0 0.683073 0.415741 0.0255208 0.0796296 0.726836
0 0.554948 0.706019 0.0640625 0.125 0.742598
0 0.491406 0.487963 0.0192708 0.0722222 0.75588
0 0.674479 0.658333 0.0322917 0.133333 0.760171
0 0.74401 0.608796 0.0265625 0.106481 0.776364
