0 0.167448 0.340741 0.0140625 0.0518519 0.34863
0 0.0578125 0.360185 0.0177083 0.0722222 0.545235
0 0.660677 0.453241 0.0223958 0.0842593 0.58923
0 0.689844 0.385185 0.0151042 0.0648148 0.648341
0 0.521875 0.364352 0.0177083 0.0657407 0.683223
0 0.523958 0.626852 0.028125 0.133333 0.703024
0 0.590365 0.441667 0.0234375 0.0833333 0.703957
0 0.666667 0.543981 0.0364583 0.115741 0.736708
0 0.41901 0.54213 0.0296875 0.113889 0.739059
0 0.980729 0.510185 0.0322917 0.112963 0.762632
0 0.951302 0.510185 0.0307292 0.112963 0.763188
0 0.472135 0.673611 0.0296875 0.149074 0.778033
0 0.803906 0.361574 0.0203125 0.0657407 0.780583
0 0.483073 0.402315 0.0223958 0.0861111 0.786806
0 0.325781 0.711111 0.0494792 0.131481 0.825783
0 0.273958 0.50787 0.0291667 0.10463 0.840867
0 0.408073 0.723148 0.0526042 0.125926 0.866536
