0 0.653125 0.456944 0.0229167 0.0916667 0.473137
0 0.0453125 0.364815 0.015625 0.062963 0.51446
0 0.682552 0.383796 0.0182292 0.0657407 0.535883
0 0.660677 0.543056 0.0348958 0.115741 0.576277
0 0.510156 0.359259 0.0161458 0.0574074 0.614221
0 0.513802 0.623611 0.0286458 0.126852 0.639143
0 0.41224 0.540278 0.0317708 0.106481 0.66996
0 0.970573 0.511111 0.0276042 0.109259 0.718858
0 0.942187 0.508333 0.028125 0.109259 0.756292
0 0.792708 0.361574 0.0197917 0.0657407 0.757663
0 0.473437 0.404167 0.0197917 0.0842593 0.757922
0 0.582292 0.436111 0.0239583 0.0833333 0.759799
0 0.461719 0.671759 0.0317708 0.141667 0.801414
0 0.323177 0.707407 0.0578125 0.124074 0.804998
0 0.397396 0.718056 0.0520833 0.130556 0.841724
0 0.265365 0.507407 0.0307292 0.105556 0.843548
