0 0.0122396 0.525463 0.0244792 0.119444 0.29161
0 0.460938 0.547685 0.075 0.110185 0.385868
0 0.439323 0.544907 0.0286458 0.106481 0.486468
0 0.0848958 0.361111 0.01875 0.0611111 0.50427
0 0.192969 0.343056 0.0130208 0.0564815 0.564755
32 0.158854 0.351389 0.009375 0.0175926 0.58756
0 0.709115 0.385185 0.0192708 0.0666667 0.594682
0 0.678646 0.457407 0.0229167 0.0907407 0.59536
0 0.682552 0.55 0.0307292 0.112963 0.614706
0 0.503906 0.40787 0.0223958 0.0861111 0.619982
0 0.989844 0.512037 0.0203125 0.114815 0.626051
0 0.54401 0.365278 0.0182292 0.062037 0.630616
0 0.547396 0.625926 0.028125 0.135185 0.730047
0 0.607552 0.44537 0.0223958 0.0796296 0.748407
0 0.827344 0.363889 0.0213542 0.0648148 0.749336
0 0.96875 0.514815 0.0260417 0.111111 0.77248
0 0.494531 0.674537 0.0307292 0.150926 0.782448
0 0.341667 0.712963 0.0447917 0.131481 0.803113
0 0.427344 0.726389 0.0609375 0.128704 0.829082
0 0.294792 0.506481 0.0260417 0.103704 0.859081
