0 0.784115 0.470833 0.0171875 0.0861111 0.340531
0 0.264323 0.357407 0.0151042 0.0481481 0.421737
0 0.685938 0.378704 0.0177083 0.0666667 0.446566
32 0.170573 0.438889 0.00885417 0.0166667 0.547818
0 0.728385 0.461111 0.0255208 0.0796296 0.555087
0 0.963281 0.376389 0.0161458 0.0601852 0.563971
0 0.630208 0.417593 0.0197917 0.0796296 0.608942
0 0.422396 0.701852 0.0572917 0.125926 0.663098
0 0.206771 0.454167 0.0270833 0.0824074 0.663337
0 0.136458 0.519444 0.0354167 0.0759259 0.663619
0 0.827865 0.397685 0.0223958 0.062037 0.674358
0 0.783594 0.566204 0.0223958 0.10463 0.708442
0 0.436719 0.5 0.0276042 0.0925926 0.747395
0 0.56224 0.547685 0.0255208 0.108333 0.756706
0 0.622135 0.667593 0.0359375 0.12963 0.782488
0 0.689844 0.611111 0.0307292 0.109259 0.801621
0 0.517969 0.711574 0.0526042 0.123148 0.856433
