0 0.33724 0.894444 0.00989583 0.0240741 0.559027
0 0.358594 0.350463 0.0213542 0.10463 0.680327
0 0.510156 0.241667 0.0151042 0.0555556 0.685418
0 0.0958333 0.428241 0.0197917 0.0787037 0.799222
0 0.816667 0.426852 0.0166667 0.0759259 0.805101
0 0.117448 0.438426 0.0296875 0.0787037 0.820097
0 0.307292 0.289815 0.0166667 0.0611111 0.824101
0 0.0497396 0.724537 0.0369792 0.100926 0.831305
0 0.359375 0.394444 0.01875 0.0648148 0.831893
0 0.727083 0.269444 0.0135417 0.0537037 0.834674
0 0.55 0.43287 0.021875 0.0712963 0.836338
0 0.206771 0.406019 0.0197917 0.0712963 0.855961
0 0.732031 0.883333 0.0171875 0.0981481 0.859691
0 0.665365 0.616667 0.0203125 0.0962963 0.864135
0 0.793229 0.452315 0.0145833 0.0694444 0.865553
0 0.107031 0.643056 0.0307292 0.0842593 0.876764
0 0.898438 0.515741 0.021875 0.0888889 0.877079
0 0.36901 0.714352 0.0182292 0.0731481 0.878419
0 0.527083 0.956944 0.0302083 0.0824074 0.886279
0 0.779167 0.318519 0.0197917 0.062963 0.88658
0 0.266927 0.576852 0.0244792 0.0925926 0.894334
0 0.0536458 0.519907 0.021875 0.0805556 0.894517
0 0.357812 0.856019 0.0239583 0.10463 0.896302
0 0.227865 0.943981 0.0244792 0.102778 0.900256
0 0.627865 0.600463 0.0192708 0.0805556 0.905525
