0 0.705729 0.963426 0.0239583 0.0472222 0.764955
0 0.481771 0.382407 0.0177083 0.0407407 0.799778
0 0.441146 0.299537 0.0145833 0.062037 0.820211
0 0.492969 0.267593 0.0140625 0.0574074 0.824485
0 0.340885 0.22037 0.0192708 0.0592593 0.82684
0 0.315365 0.301852 0.0192708 0.0574074 0.842776
0 0.413281 0.347222 0.0192708 0.062963 0.845051
0 0.545313 0.330556 0.021875 0.062963 0.846807
0 0.652865 0.362037 0.0171875 0.0611111 0.84755
0 0.642187 0.274074 0.015625 0.0611111 0.86426
0 0.263542 0.280556 0.021875 0.0555556 0.866288
0 0.604167 0.289815 0.015625 0.0574074 0.867061
0 0.20599 0.344907 0.0213542 0.0638889 0.872549
0 0.87526 0.910185 0.0265625 0.125926 0.873929
0 0.822135 0.437963 0.0244792 0.0777778 0.874956
0 0.798437 0.269907 0.0166667 0.0675926 0.879174
0 0.295573 0.444907 0.0182292 0.0787037 0.890548
0 0.834896 0.313889 0.0208333 0.0648148 0.897139
0 0.179167 0.475926 0.0239583 0.0666667 0.897227
0 0.292708 0.931019 0.0239583 0.108333 0.91016
0 0.163542 0.646759 0.028125 0.0842593 0.912175
