0 0.249479 0.488426 0.0177083 0.0509259 0.295036
0 0.290365 0.405556 0.0119792 0.0407407 0.301798
0 0.352083 0.387037 0.0145833 0.0537037 0.474662
0 0.846615 0.42963 0.00885417 0.0574074 0.478797
0 0.235938 0.413889 0.009375 0.0444444 0.488165
0 0.234375 0.498148 0.0135417 0.05 0.494325
0 0.275 0.447222 0.0114583 0.0425926 0.627516
0 0.456771 0.375463 0.009375 0.0398148 0.703885
0 0.340885 0.480556 0.0109375 0.0425926 0.715844
0 0.861458 0.454167 0.0104167 0.0490741 0.726817
0 0.254687 0.484722 0.0104167 0.0509259 0.772243
0 0.463281 0.492593 0.0161458 0.037037 0.786075
0 0.698698 0.48287 0.0119792 0.062037 0.789244
0 0.404687 0.459722 0.0114583 0.0490741 0.823741
0 0.685938 0.42037 0.0114583 0.0425926 0.828727
0 0.506771 0.434259 0.009375 0.0462963 0.831271
0 0.910937 0.808333 0.0208333 0.0740741 0.83767
0 0.473698 0.419444 0.0119792 0.0462963 0.842909
0 0.75026 0.504167 0.0130208 0.0601852 0.85682
0 0.36224 0.533796 0.0151042 0.0564815 0.860769
0 0.658073 0.438426 0.0171875 0.0509259 0.863371
0 0.657031 0.79213 0.0182292 0.062037 0.878304
