0 0.30599 0.430093 0.0119792 0.0398148 0.298503
0 0.455729 0.425463 0.009375 0.037963 0.35595
0 0.296354 0.462963 0.0104167 0.0425926 0.552059
0 0.354427 0.406481 0.00989583 0.0444444 0.600902
0 0.372396 0.419444 0.0104167 0.0462963 0.649922
0 0.42474 0.396759 0.0078125 0.0268519 0.651534
0 0.840104 0.483333 0.0135417 0.05 0.734363
0 0.396094 0.462963 0.0109375 0.0462963 0.7665
0 0.210417 0.490741 0.0145833 0.0777778 0.775566
0 0.313281 0.511111 0.0140625 0.0481481 0.808203
0 0.379427 0.50463 0.00885417 0.0481481 0.808947
0 0.527344 0.453704 0.0151042 0.0425926 0.817864
0 0.823177 0.486574 0.0140625 0.0527778 0.824272
0 0.167448 0.508796 0.0130208 0.0472222 0.835824
0 0.10599 0.537963 0.0130208 0.0518519 0.844871
0 0.271094 0.534259 0.0151042 0.0462963 0.846818
0 0.670313 0.772222 0.0135417 0.0611111 0.848266
0 0.588542 0.462037 0.0125 0.0462963 0.849339
0 0.426562 0.565741 0.015625 0.0518519 0.869772
0 0.803385 0.550463 0.0161458 0.0601852 0.876383
0 0.88151 0.789352 0.0171875 0.075 0.890878
