1 0.403646 0.631019 0.00729167 0.0157407 0.559077
0 0.61224 0.393519 0.00989583 0.05 0.728955
0 0.515625 0.281481 0.0104167 0.0425926 0.732674
0 0.680469 0.901852 0.0161458 0.0425926 0.775511
0 0.732031 0.381019 0.0192708 0.0583333 0.825746
0 0.592708 0.390278 0.0135417 0.0527778 0.826183
0 0.566406 0.349537 0.00989583 0.0472222 0.839067
0 0.386979 0.447222 0.015625 0.0574074 0.839362
0 0.699479 0.328704 0.0135417 0.0518519 0.848466
0 0.653125 0.434259 0.0104167 0.0555556 0.850466
0 0.63099 0.551852 0.0140625 0.0685185 0.861178
0 0.484375 0.606019 0.015625 0.0712963 0.861692
0 0.6375 0.711111 0.0208333 0.0814815 0.863477
0 0.31875 0.3625 0.0125 0.0509259 0.864829
0 0.775521 0.424074 0.0114583 0.0555556 0.866826
0 0.05625 0.488889 0.015625 0.062963 0.867208
0 0.432292 0.533796 0.0177083 0.0657407 0.871685
0 0.453906 0.430556 0.0130208 0.0611111 0.874282
0 0.971875 0.74537 0.0239583 0.0888889 0.875833
0 0.841927 0.519907 0.0161458 0.0694444 0.883229
0 0.364583 0.687037 0.01875 0.0685185 0.883231
0 0.871875 0.634259 0.015625 0.0685185 0.88553
0 0.35651 0.77963 0.0182292 0.0851852 0.888341
0 0.569271 0.838426 0.0239583 0.0972222 0.899553
0 0.671354 0.761111 0.01875 0.0851852 0.908052
0 0.78151 0.672222 0.0213542 0.0703704 0.914383
