0 0.348958 0.597685 0.0197917 0.075 0.287662
0 0.488542 0.235648 0.00833333 0.0324074 0.294184
0 0.385938 0.515741 0.0197917 0.0574074 0.371449
1 0.34974 0.438426 0.00677083 0.0157407 0.579349
0 0.958073 0.978704 0.0192708 0.0407407 0.624177
0 0.718229 0.901389 0.03125 0.108333 0.663553
0 0.360156 0.589815 0.0140625 0.0740741 0.684831
0 0.1125 0.36713 0.0135417 0.0435185 0.720069
0 0.483854 0.289352 0.00833333 0.0416667 0.784285
0 0.386198 0.575463 0.0182292 0.0601852 0.820788
0 0.31276 0.454167 0.0151042 0.062037 0.831813
0 0.273177 0.591204 0.0151042 0.0731481 0.832572
0 0.245052 0.581019 0.0151042 0.0657407 0.837701
0 0.470833 0.458333 0.0114583 0.0555556 0.842721
0 0.413542 0.346296 0.0135417 0.0518519 0.848042
0 0.3375 0.60463 0.0166667 0.0703704 0.849907
0 0.304167 0.596296 0.015625 0.0740741 0.851101
0 0.597396 0.549074 0.015625 0.0648148 0.866327
0 0.428385 0.452315 0.0119792 0.0564815 0.866433
0 0.758594 0.572222 0.0151042 0.0703704 0.871163
0 0.601823 0.436574 0.0130208 0.0583333 0.871488
0 0.567187 0.788889 0.01875 0.062963 0.877622
0 0.794271 0.777778 0.0197917 0.0851852 0.87916
0 0.564062 0.550463 0.0114583 0.0657407 0.881107
0 0.939844 0.818981 0.0171875 0.0953704 0.884203
0 0.378385 0.669907 0.0213542 0.0694444 0.887277
0 0.623438 0.629167 0.0208333 0.0712963 0.887731
0 0.721354 0.638889 0.0166667 0.0796296 0.889704
0 0.715104 0.450926 0.0177083 0.0592593 0.893372
