0 0.809635 0.388426 0.0203125 0.087963 0.494795
1 0.386458 0.272685 0.00729167 0.0175926 0.502764
0 0.471094 0.247222 0.0140625 0.0666667 0.673728
0 0.627604 0.208796 0.0145833 0.0472222 0.676152
0 0.803646 0.37037 0.015625 0.0648148 0.777805
0 0.211198 0.256019 0.0109375 0.0583333 0.781747
0 0.660677 0.225926 0.0119792 0.0462963 0.788894
0 0.815104 0.410185 0.0177083 0.0703704 0.806478
0 0.408073 0.98287 0.0213542 0.0324074 0.815922
0 0.33776 0.282407 0.0130208 0.0592593 0.823433
0 0.782292 0.328241 0.0125 0.062037 0.832399
0 0.573177 0.290741 0.0109375 0.05 0.837416
0 0.341667 0.355556 0.0208333 0.0666667 0.838834
0 0.876562 0.56713 0.0177083 0.0787037 0.857165
0 0.541406 0.303241 0.0130208 0.0583333 0.867115
0 0.334635 0.590278 0.0182292 0.0842593 0.870944
0 0.432031 0.362037 0.0161458 0.062963 0.874173
0 0.350781 0.471296 0.0171875 0.0759259 0.878611
0 0.167708 0.37037 0.0166667 0.0666667 0.885297
0 0.722917 0.902315 0.0302083 0.130556 0.889141
0 0.610156 0.383796 0.0171875 0.0657407 0.893593
0 0.58776 0.603241 0.0182292 0.0787037 0.901918
0 0.883594 0.658333 0.0244792 0.0833333 0.902293
0 0.111198 0.968982 0.0244792 0.0601852 0.903879
