0 0.649479 0.332407 0.0177083 0.0444444 0.294076
0 0.644531 0.331019 0.0119792 0.037963 0.421436
0 0.414323 0.309259 0.00885417 0.0351852 0.519935
0 0.65625 0.331944 0.0104167 0.0398148 0.588443
0 0.3625 0.32037 0.009375 0.037037 0.703123
0 0.286198 0.880093 0.0234375 0.0768519 0.727985
0 0.182552 0.459259 0.0140625 0.0555556 0.732308
0 0.306771 0.371296 0.0104167 0.0425926 0.757895
0 0.700521 0.324537 0.0125 0.0398148 0.768029
0 0.396354 0.834259 0.0197917 0.0888889 0.772363
0 0.475521 0.390278 0.0125 0.0490741 0.774347
0 0.683854 0.359259 0.0114583 0.0462963 0.788747
0 0.448698 0.369907 0.00885417 0.0398148 0.806537
0 0.195312 0.388426 0.0125 0.0472222 0.813553
0 0.397396 0.409259 0.0114583 0.0518519 0.815895
0 0.690625 0.42963 0.0145833 0.0537037 0.84414
0 0.509375 0.373148 0.0104167 0.0462963 0.850468
0 0.604167 0.442593 0.0135417 0.0518519 0.850479
0 0.233333 0.523611 0.0145833 0.0583333 0.8581
0 0.348958 0.40463 0.0114583 0.0481481 0.858169
0 0.276823 0.509259 0.0140625 0.0592593 0.858816
0 0.909635 0.663426 0.0182292 0.062037 0.858958
0 0.364323 0.563889 0.0130208 0.0592593 0.860807
0 0.259375 0.406481 0.0104167 0.0481481 0.865425
0 0.134375 0.502778 0.0177083 0.0574074 0.873408
0 0.148438 0.805093 0.015625 0.062037 0.877636
0 0.503646 0.517593 0.0145833 0.0574074 0.883978
0 0.552083 0.730556 0.015625 0.0740741 0.895423
