0 0.625781 0.38287 0.0161458 0.0546296 0.322451
0 0.760156 0.412963 0.0161458 0.062963 0.335482
0 0.503646 0.325 0.0145833 0.0388889 0.644797
0 0.46276 0.366204 0.0140625 0.0472222 0.670432
0 0.659635 0.403241 0.0161458 0.075 0.696337
0 0.632031 0.413426 0.0151042 0.0583333 0.706096
0 0.610417 0.368519 0.015625 0.0648148 0.717836
0 0.753906 0.429167 0.0130208 0.0453704 0.717986
0 0.554427 0.396759 0.0161458 0.0509259 0.729914
0 0.764323 0.398611 0.0109375 0.0490741 0.755921
0 0.68099 0.39537 0.0119792 0.0518519 0.765991
0 0.86276 0.372685 0.0119792 0.0527778 0.780052
0 0.435156 0.390741 0.0130208 0.0462963 0.785045
0 0.538802 0.45463 0.0130208 0.05 0.797944
0 0.329688 0.400926 0.015625 0.0462963 0.820424
0 0.632812 0.483333 0.0135417 0.0574074 0.83668
0 0.31224 0.893981 0.0223958 0.0416667 0.84292
0 0.485417 0.421759 0.0135417 0.0490741 0.865118
0 0.369792 0.502315 0.0229167 0.0564815 0.867752
0 0.454427 0.506481 0.0161458 0.0648148 0.885096
0 0.7 0.781018 0.0166667 0.087963 0.889427
0 0.166667 0.428241 0.0197917 0.0564815 0.892617
